400,200
393,207
392,207
390,210
389,209
390,211
385,213
387,214
387,214
386,215
383,215
384,216
379,219
378,217
378,220
378,224
375,227
378,224
378,225
377,224
379,225
375,228
377,228
376,229
375,229
371,232
371,233
367,235
366,236
362,238
361,240
358,242
358,243
358,245
358,243
358,245
358,246
358,247
357,248
357,250
357,251
353,252
352,252
356,248
353,246
353,244
352,245
350,246
350,250
351,252
350,251
350,255
350,257
352,258
352,258
348,259
347,259
348,260
345,262
341,262
338,263
337,266
339,264
339,264
339,264
337,264
335,268
334,268
334,270
333,273
334,273
335,273
339,270
339,271
338,271
341,271
342,267
342,265
344,263
343,268
345,265
343,265
339,270
337,270
336,272
338,274
338,277
341,276
342,275
342,271
343,272
340,273
338,274
339,274
337,273
334,276
333,276
336,276
335,275
338,273
340,273
337,275
338,272
338,275
337,275
339,276
338,279
339,283
336,283
336,281
334,283
333,287
334,288
331,289
331,291
332,287
335,285
336,285
336,286
334,287
334,289
337,288
337,288
336,290
337,289
335,290
333,291
334,294
330,297
330,297
335,297
334,297
331,302
331,304
330,303
327,303
328,301
326,300
327,297
326,299
327,303
329,302
326,303
324,306
325,306
326,305
324,307
325,307
323,302
323,304
321,306
318,306
318,305
318,306
316,305
318,306
315,308
312,310
314,311
316,307
311,309
310,309
307,308
305,310
302,311
305,315
307,314
305,315
305,318
304,317
301,318
300,318
300,317
301,316
300,315
305,314
305,316
304,317
308,315
309,316
307,316
308,315
306,320
305,321
306,323
306,327
308,326
309,330
310,329
308,331
305,334
305,336
304,337
304,335
306,337
303,339
302,342
300,342
300,340
302,338
304,338
304,338
304,340
300,340
300,343
302,345
302,347
303,348
302,348
302,350
302,352
299,353
300,354
300,357
299,356
300,357
301,356
300,358
298,361
294,365
296,366
296,364
299,364
297,366
296,367
300,364
297,368
298,366
298,366
296,364
294,363
296,364
292,369
291,371
289,371
286,372
287,373
283,377
282,376
280,377
279,379
274,380
275,381
276,381
274,380
269,382
270,380
268,379
267,383
264,385
267,384
266,386
266,388
268,388
265,391
264,392
264,391
264,392
263,390
262,391
261,388
260,389
261,388
263,388
261,392
259,392
260,391
259,391
257,390
257,391
260,392
261,390
264,391
265,392
266,395
266,396
270,394
266,397
267,395
269,396
270,397
271,397
270,398
270,396
273,396
273,398
273,397
273,396
276,396
275,397
272,401
271,403
273,403
271,408
268,412
266,411
263,414
261,417
262,417
263,417
263,417
263,419
262,423
264,423
264,428
264,429
262,432
262,432
262,433
260,431
261,431
261,431
261,432
263,433
262,434
261,436
258,437
259,438
258,439
256,441
257,443
255,446
253,449
251,450
254,448
250,453
249,458
246,457
242,458
241,461
241,460
241,460
239,462
239,465
237,465
238,464
236,465
234,466
234,464
232,463
230,470
228,472
229,474
228,476
232,472
233,470
230,471
228,473
230,470
228,473
231,473
228,475
226,478
226,480
229,478
228,478
229,474
230,475
228,479
224,484
221,484
221,484
221,484
222,485
222,481
221,479
220,480
221,477
220,482
219,483
218,483
220,484
222,482
222,482
222,482
223,483
220,485
220,485
221,487
220,489
219,491
215,495
215,495
215,498
214,499
211,503
211,504
212,504
210,504
209,507
211,507
208,513
209,514
208,518
207,522
206,526
204,531
201,536
200,536
196,539
195,542
193,546
194,544
188,552
190,552
190,552
191,551
193,552
194,553
193,560
195,558
195,561
194,562
191,567
190,570
191,568
191,567
192,566
193,566
190,570
188,571
189,571
189,572
187,573
185,578
186,578
185,579
184,577
184,577
184,578
183,580
183,582
184,583
185,585
184,585
183,587
183,589
183,591
183,591
180,597
176,601
176,604
178,604
178,607
178,608
178,610
180,609
179,611
177,613
177,618
178,619
175,622
174,623
174,623
173,628
171,632
171,631
172,632
173,632
171,638
170,639
168,642
165,647
164,650
162,654
163,653
159,657
160,657
159,659
158,660
160,659
160,659
162,658
162,658
161,660
162,661
162,662
160,665
158,667
156,671
156,671
155,672
155,674
154,676
156,676
156,677
155,680
154,682
150,687
150,688
150,689
150,692
148,694
147,696
144,700
144,702
143,705
144,708
144,709
145,709
145,712
144,714
144,716
141,720
141,719
140,720
141,720
140,722
140,723
141,723
142,722
141,724
140,725
140,728
139,730
140,730
139,732
138,735
136,736
136,736
134,740
133,742
132,743
132,743
133,740
133,741
134,742
135,741
137,740
136,743
136,744
135,748
135,748
133,750
133,752
134,752
135,753
136,752
135,751
134,753
135,753
136,753
138,753
139,752
138,755
139,754
138,755
138,755
134,759
133,761
135,761
136,760
134,764
132,766
132,767
131,769
130,769
130,768
129,769
128,770
128,770
128,770
129,769
128,770
125,773
123,776
123,777
121,781
120,785
120,786
118,788
119,790
119,789
115,792
117,791
116,792
117,791
117,791
115,793
114,795
112,799
113,798
116,795
115,797
116,797
117,798
118,799
118,800
117,802
117,803
116,806
114,807
114,808
114,808
116,808
114,810
111,814
111,814
111,815
112,814
111,814
110,816
109,817
108,818
106,820
105,821
105,822
104,823
104,824
100,829
100,831
100,832
99,832
99,833
97,837
97,839
97,840
96,841
96,842
95,843
95,843
96,842
94,844
94,844
95,844
96,843
94,845
94,845
92,847
91,849
92,848
91,849
91,849
93,848
94,848
92,850
91,851
89,855
89,855
89,856
88,858
89,857
91,856
89,858
89,860
88,861
86,864
87,863
85,865
85,865
84,867
84,867
84,867
83,868
84,867
83,868
81,870
81,871
80,872
78,875
76,877
76,878
75,879
76,878
75,881
75,881
75,882
75,883
72,886
72,886
72,886
71,888
72,887
71,888
72,887
70,889
71,888
72,888
73,889
74,888
72,891
71,892
70,893
69,895
69,895
68,896
66,898
66,899
68,896
71,894
70,895
70,896
70,897
70,897
70,897
70,898
70,898
70,899
70,900
69,901
68,902
68,902
67,903
66,904
66,906
66,906
65,907
66,906
65,907
66,907
64,911
64,911
63,912
63,912
61,915
61,915
61,915
62,914
60,917
60,917
60,917
60,918
58,920
59,919
60,918
59,919
58,920
58,920
57,921
58,920
58,919
57,921
57,921
56,922
56,923
56,923
56,923
54,925
53,926
52,927
52,928
51,929
50,930
50,930
50,930
50,930
51,929
51,930
51,931
49,934
51,932
50,933
49,934
49,935
49,935
46,938
44,940
44,941
44,941
44,941
45,940
45,940
44,941
44,941
45,940
45,940
44,941
44,941
45,940
46,939
46,939
46,939
46,940
46,940
45,941
44,942
44,942
44,942
44,942
41,945
40,946
40,946
40,946
40,946
40,946
40,946
38,948
36,950
36,950
36,950
36,951
36,951
35,952
35,952
35,952
34,953
33,954
33,954
32,955
31,956
31,956
