900,50
899,51
899,50
896,52
895,53
892,57
893,58
893,59
892,61
890,61
891,61
892,60
890,62
887,64
885,64
884,64
878,67
880,65
877,66
876,69
876,69
874,71
871,72
872,71
871,72
870,75
866,77
865,77
862,78
862,77
863,78
865,78
862,80
858,81
861,79
857,81
854,82
852,82
850,83
852,83
849,84
850,86
849,85
846,86
847,85
846,85
845,86
844,86
845,87
844,86
840,89
840,89
836,91
832,96
833,95
830,94
827,96
823,97
823,99
820,101
820,101
818,103
815,104
814,104
811,104
807,106
804,109
802,111
800,113
797,112
796,111
795,110
793,112
791,111
791,111
786,114
791,114
789,115
786,117
783,119
781,120
780,122
775,125
772,126
769,128
768,129
766,129
763,130
759,132
757,134
755,135
751,138
746,140
746,141
740,145
737,147
736,149
733,150
728,153
727,154
721,158
716,163
710,168
707,169
703,171
700,175
695,179
692,181
687,183
687,183
684,184
684,181
681,181
675,184
675,184
670,186
670,187
674,186
673,186
671,187
671,187
671,183
671,183
670,183
669,184
665,185
663,185
667,182
665,181
662,183
660,181
660,180
661,176
659,178
655,180
651,184
648,183
649,185
649,184
649,185
645,188
642,191
635,192
633,194
632,195
630,196
626,197
622,200
622,200
621,199
620,198
622,196
615,199
610,202
610,203
606,204
608,202
606,201
604,201
600,200
598,198
594,200
590,203
590,203
587,204
585,203
583,205
583,203
583,205
583,203
586,203
584,204
583,206
580,205
577,209
575,209
572,208
567,213
562,216
561,217
560,215
554,218
552,218
550,220
549,222
545,224
548,223
547,220
546,218
542,219
543,216
540,220
537,222
535,222
535,223
536,223
537,222
537,221
531,224
525,228
521,231
520,234
520,232
518,235
517,235
514,233
514,234
516,234
510,233
506,236
507,234
506,232
502,235
498,238
495,238
495,237
491,239
485,243
478,245
476,245
476,244
474,246
469,247
470,249
471,249
467,254
467,254
465,254
462,255
461,256
461,252
463,246
462,246
461,247
462,248
460,247
460,246
457,249
455,250
453,251
452,250
449,253
449,251
447,253
450,252
452,251
452,253
451,251
451,250
454,248
458,245
455,245
456,245
454,242
455,239
454,238
454,240
453,239
453,236
455,235
453,237
452,236
449,238
451,236
451,239
453,237
451,237
450,238
445,238
443,241
440,244
437,248
437,249
431,254
428,252
427,255
425,256
427,254
423,258
421,259
421,260
421,259
423,255
421,254
417,254
413,254
410,259
403,261
402,263
406,260
403,259
401,259
407,254
404,252
404,251
406,252
405,254
402,253
401,252
398,254
400,253
395,255
394,253
391,254
390,254
390,256
390,253
387,253
385,255
383,256
386,255
385,254
382,255
381,254
378,255
376,255
377,257
378,259
377,260
378,261
376,262
377,258
374,261
370,263
368,266
369,267
370,265
368,266
367,268
367,268
364,267
362,267
364,263
363,262
364,265
364,262
361,262
360,261
360,261
359,265
360,264
356,268
355,270
352,270
353,268
354,269
350,269
352,266
353,267
349,270
348,269
346,273
346,274
343,276
342,277
341,278
340,278
341,279
338,281
339,282
344,282
342,281
341,280
338,284
334,283
335,280
335,282
336,277
335,276
335,276
333,278
332,282
332,286
329,289
333,289
332,292
330,294
330,295
331,295
331,296
331,297
334,299
334,301
332,301
327,306
327,310
325,311
325,308
323,312
322,313
321,312
319,310
319,311
319,314
318,313
318,309
317,311
314,312
313,311
312,313
311,311
314,313
311,312
312,316
311,318
315,312
311,315
310,319
309,321
311,322
314,323
314,324
313,323
313,322
313,322
311,325
308,325
307,325
306,326
304,324
301,323
300,321
298,320
299,321
299,321
299,321
299,319
301,319
302,320
302,321
302,323
298,328
296,332
296,331
291,335
293,334
290,336
292,332
297,327
296,326
293,328
296,328
296,330
297,330
293,334
293,334
293,336
292,338
293,335
292,334
289,331
286,335
284,334
284,330
285,330
286,331
284,333
287,335
288,334
285,340
285,343
284,345
284,347
283,351
281,353
280,357
279,359
280,357
280,357
276,358
276,359
275,357
276,358
276,358
274,359
276,362
277,362
274,364
273,365
272,367
272,369
274,369
273,369
272,369
270,371
266,376
267,378
267,380
269,378
270,376
269,376
269,376
264,377
262,378
261,379
259,382
260,383
259,383
257,384
258,385
257,387
256,385
257,387
257,389
258,391
261,392
260,390
262,390
260,388
258,393
258,389
256,390
255,388
258,386
259,389
263,387
265,386
266,385
264,389
262,390
259,391
258,388
257,390
258,388
253,392
255,392
250,396
247,395
246,397
245,396
246,397
245,396
246,396
246,397
250,392
249,393
252,393
252,395
254,395
253,396
254,400
253,403
251,404
251,404
255,405
255,407
259,407
261,405
260,405
260,408
259,411
259,414
256,417
256,416
255,420
259,417
259,419
257,421
256,425
255,424
253,425
255,426
255,428
255,429
256,432
257,432
261,428
260,430
262,429
259,431
259,431
258,436
258,437
259,440
258,441
257,440
260,440
258,441
256,445
255,445
252,444
252,449
253,450
251,451
252,448
255,447
252,451
247,453
245,459
246,458
244,462
243,462
243,462
243,463
244,460
244,462
245,464
245,464
243,469
241,471
241,474
242,474
244,472
244,471
241,474
238,476
234,481
234,480
233,485
235,488
235,488
236,486
236,488
236,488
234,490
233,492
232,492
232,495
230,502
232,499
231,500
230,502
226,503
225,505
224,507
225,503
223,505
224,504
223,507
223,509
221,513
219,515
217,517
217,515
217,515
221,515
221,518
221,521
219,527
217,531
214,533
214,535
214,539
211,542
208,545
207,546
207,550
210,552
210,551
211,550
212,551
212,555
208,558
207,560
203,564
200,567
198,571
198,572
198,575
198,574
197,573
194,577
194,578
194,581
193,583
194,585
197,585
197,589
199,588
199,590
197,590
197,593
195,595
195,594
197,594
195,597
194,600
191,605
191,607
192,609
190,611
187,613
187,612
188,608
188,610
187,612
187,613
187,613
187,612
186,613
185,617
182,621
179,627
179,630
179,629
177,634
176,634
175,634
173,635
175,634
172,639
172,643
169,648
169,649
168,651
167,653
168,653
168,653
165,655
163,656
163,660
160,662
159,663
158,665
157,666
157,667
156,670
154,672
151,678
153,680
152,682
147,688
145,692
146,692
146,693
145,697
145,698
145,700
145,701
149,697
146,699
147,701
146,703
147,704
147,705
146,709
145,713
145,715
145,719
145,719
143,722
144,722
142,727
141,728
137,734
136,737
136,739
133,743
133,744
134,743
133,744
132,745
131,746
132,746
130,750
129,751
130,752
131,755
132,754
132,755
128,761
127,763
124,766
124,769
125,768
125,770
124,773
123,775
123,776
122,777
122,779
123,778
122,779
121,781
121,782
122,783
122,782
119,785
119,785
117,787
117,787
116,789
116,791
116,791
114,793
114,792
113,794
113,794
113,794
114,793
112,797
113,797
112,798
110,800
109,801
108,803
108,803
108,803
108,804
108,803
108,803
