800,150
799,151
796,152
793,155
792,154
791,155
788,155
788,156
787,155
785,157
783,160
781,162
779,164
775,168
771,168
769,169
770,168
772,168
771,170
772,169
769,170
765,174
766,173
763,173
761,174
758,175
758,175
757,178
754,180
751,184
747,184
745,187
741,190
739,193
734,196
733,195
730,196
729,197
730,196
726,199
724,198
724,198
722,197
722,197
717,197
713,200
709,202
708,201
704,205
702,206
698,207
694,209
688,209
684,211
681,213
680,212
677,215
676,214
681,210
679,211
675,212
673,213
671,213
666,218
665,216
661,220
656,224
656,223
652,225
647,227
644,230
638,234
638,233
635,234
636,234
632,236
633,239
633,239
635,238
635,240
636,237
636,237
632,239
631,240
630,240
630,243
629,241
627,243
625,242
625,240
624,240
621,243
620,245
619,245
615,246
613,247
610,250
606,254
601,257
596,259
598,260
599,260
595,263
590,265
589,264
585,265
584,268
584,265
587,264
589,262
585,263
586,260
583,261
579,262
577,261
574,264
571,266
569,268
569,268
566,269
567,270
564,271
562,273
559,273
557,274
555,273
553,274
552,276
549,278
547,278
546,280
540,286
538,286
537,287
532,292
532,291
531,293
533,292
532,295
532,295
528,297
526,297
523,299
521,301
519,303
522,300
521,300
522,299
517,301
512,306
508,308
509,307
510,307
508,305
510,305
512,302
512,302
512,301
511,303
508,308
509,310
509,309
509,310
509,310
509,309
506,313
506,314
509,309
507,311
506,313
504,314
502,313
499,312
498,311
497,311
502,305
501,302
502,301
502,299
501,299
498,302
495,300
492,301
490,300
488,302
488,301
483,305
477,311
477,312
477,315
479,315
479,316
479,316
475,319
471,324
472,325
471,326
466,330
459,332
462,333
461,335
458,338
459,338
456,339
454,338
454,340
449,345
450,343
446,346
445,347
447,345
445,347
447,346
442,349
441,350
440,351
439,352
437,354
438,354
436,355
435,356
433,359
436,356
434,358
433,357
430,359
428,362
425,361
425,361
421,365
420,365
418,366
414,369
417,370
420,369
419,369
413,375
409,378
406,383
405,384
403,388
402,389
402,385
403,384
401,384
401,385
398,385
397,388
395,391
394,390
391,388
389,387
388,388
386,390
383,395
381,398
380,397
379,400
376,403
371,405
370,404
367,406
365,407
365,406
369,404
365,408
366,408
369,404
365,409
362,413
360,415
358,418
356,418
353,419
353,420
353,420
351,421
351,424
350,428
350,429
351,430
348,435
349,433
351,430
347,436
347,435
346,436
343,439
342,443
341,446
339,447
339,449
338,450
339,448
337,449
335,453
336,454
336,455
333,457
328,460
327,462
321,469
321,470
318,473
313,478
311,481
308,482
309,482
304,487
304,490
303,489
298,492
297,494
299,496
296,500
296,500
298,500
296,506
294,508
292,510
293,510
291,513
292,513
292,514
289,517
289,519
289,518
289,519
287,522
288,522
284,525
283,524
282,522
281,523
275,528
273,529
269,532
267,536
267,535
267,532
261,537
263,535
262,537
260,539
260,540
258,546
256,551
251,554
249,555
247,558
246,562
244,562
243,564
242,567
243,569
241,570
238,572
235,576
235,576
234,580
234,578
234,578
232,581
231,585
231,586
231,588
231,591
231,595
231,596
229,600
228,602
230,603
230,606
230,609
228,613
224,616
222,617
224,617
224,616
223,617
224,615
225,617
228,615
228,614
225,618
224,620
221,623
219,626
218,629
218,630
217,630
216,630
215,631
212,634
212,635
211,638
210,640
210,639
209,640
207,640
206,641
205,644
199,650
196,651
199,649
199,650
200,650
199,652
195,656
193,659
194,658
193,663
195,665
193,666
192,667
190,670
189,672
189,672
186,676
186,676
186,677
185,681
184,683
183,685
183,687
181,691
180,693
179,693
180,692
177,696
176,697
175,698
174,701
174,702
171,705
169,709
168,710
166,714
164,717
162,720
159,724
157,726
155,728
154,729
155,729
157,730
156,733
155,734
152,736
152,737
151,738
151,737
150,741
149,741
149,741
149,742
146,746
143,749
144,747
144,746
145,746
147,742
146,744
144,747
142,748
140,752
140,752
141,752
140,754
139,757
139,759
139,760
139,762
138,763
137,765
137,765
136,768
138,766
135,769
134,770
134,771
133,772
131,775
131,774
131,775
131,777
131,778
130,779
130,779
128,783
129,782
127,784
127,786
126,786
124,788
127,787
128,786
125,788
123,791
123,793
123,794
125,792
126,791
125,793
123,795
123,795
124,794
121,799
124,799
123,803
120,806
121,805
121,806
118,810
118,810
116,812
115,814
114,816
113,817
111,819
112,818
112,819
111,822
110,824
110,824
109,825
108,826
107,830
107,830
105,832
104,832
104,834
105,833
104,834
103,835
104,835
103,835
101,837
101,838
100,839
100,839
100,839
101,839
99,841
99,841
99,841
99,842
97,845
94,848
94,849
93,850
93,850
92,852
91,853
92,852
91,854
90,855
90,856
89,858
91,857
91,857
91,857
91,857
91,857
89,859
88,860
88,861
87,862
88,862
86,864
86,865
84,868
84,868
82,870
82,870
82,870
82,870
82,871
82,871
82,872
82,872
81,873
79,876
77,879
75,882
74,883
73,884
72,885
72,884
72,883
71,884
71,885
69,887
69,887
70,886
70,886
68,887
69,886
69,888
70,887
68,890
67,891
67,891
66,892
65,894
65,895
64,897
65,896
64,897
64,897
62,899
59,902
58,903
58,903
59,904
59,904
59,904
59,904
59,905
60,904
60,905
60,906
60,906
60,907
60,907
60,907
59,908
58,909
57,911
59,909
59,909
57,912
56,913
56,913
56,914
55,915
55,915
55,915
54,917
54,917
53,918
53,919
53,919
50,922
49,923
50,922
50,922
49,922
48,923
48,924
46,926
45,927
45,927
43,929
43,929
43,929
43,929
41,931
41,931
40,932
39,933
39,933
38,934
36,936
34,938
34,938
34,937
35,938
35,939
35,939
35,939
35,940
35,942
35,942
35,941
35,942
35,942
35,943
34,944
34,944
34,944
35,943
34,945
33,947
33,949
32,951
32,951
32,951
32,951
31,952
31,952
31,952
31,952
30,953
30,954
30,954
30,955
30,955
31,955
31,955
30,956
30,956
30,957
30,957
29,958
29,959
29,959
29,959
30,958
30,958
29,959
29,959
28,960
28,960
28,961
28,962
28,962
28,962
28,962
27,963
27,964
26,965
26,965
26,965
26,965
26,965
26,965
26,965
26,965
25,967
24,968
24,968
24,968
24,968
23,969
23,969
23,969
22,971
21,972
21,972
20,973
20,973
20,973
20,973
20,973
20,973
20,973
20,973
20,973
19,974
19,974
19,974
17,976
17,976
17,976
17,976
17,976
16,977
16,977
16,977
16,977
16,977
16,977
16,977
16,977
16,977
16,977
16,977
15,979
15,979
16,978
15,979
15,979
15,979
15,979
15,979
15,979
15,979
15,979
16,978
15,979
15,979
15,979
15,979
15,979
15,979
16,978
16,978
15,979
15,979
15,979
15,979
15,980
15,980
15,980
15,980
14,981
14,981
14,981
13,982
13,982
