700,250
696,254
691,259
685,261
685,261
685,260
684,260
682,262
680,265
679,264
675,268
670,270
666,272
661,275
656,281
657,282
654,287
654,286
652,288
650,290
648,292
646,295
640,299
635,302
632,304
628,306
631,304
627,307
622,310
618,314
612,319
611,319
609,319
610,318
606,321
600,326
600,326
596,329
592,332
590,332
587,333
583,337
582,335
581,337
576,342
575,343
573,346
570,350
570,349
566,353
564,353
559,357
560,354
552,358
551,357
549,359
550,359
545,365
544,369
542,369
539,370
535,370
532,374
529,377
527,377
526,379
528,377
526,377
529,374
528,374
527,377
527,378
527,382
523,385
519,388
514,392
510,395
511,393
509,393
506,396
504,395
500,399
500,401
497,403
493,407
490,411
488,413
485,414
481,417
478,418
479,417
476,420
475,420
474,420
473,419
471,420
468,423
467,422
468,421
467,422
466,424
464,424
461,422
462,420
462,420
460,425
459,428
459,428
455,432
455,432
453,435
451,437
450,439
445,443
444,445
446,442
446,442
442,446
439,449
441,447
439,451
437,452
436,453
433,457
431,461
428,463
426,466
421,469
419,469
417,470
417,469
415,470
413,471
407,476
405,479
405,479
402,480
401,482
400,484
398,485
397,485
393,488
389,492
387,493
390,490
389,490
387,491
388,490
385,493
383,494
385,491
383,494
380,497
377,498
374,500
371,503
368,505
364,511
361,513
359,513
357,516
360,512
359,514
359,513
355,519
355,519
352,523
349,526
347,527
344,529
344,529
342,533
341,535
340,539
335,543
336,544
337,543
337,542
337,543
333,546
329,550
333,548
332,552
334,551
332,555
331,558
329,561
330,560
330,559
327,563
328,562
327,564
327,562
324,565
324,565
322,568
321,567
321,569
321,570
320,573
319,576
321,574
321,575
322,578
320,580
320,580
322,578
320,580
320,580
317,585
319,582
314,586
311,590
307,593
305,595
301,598
298,602
298,602
298,601
297,601
295,602
294,604
293,605
292,606
295,604
295,605
295,606
296,606
296,607
295,609
293,610
291,612
289,613
290,613
292,612
289,614
287,617
287,618
284,621
281,625
279,627
277,631
276,632
273,636
270,638
266,641
263,643
261,645
261,645
260,648
258,651
256,653
255,654
253,658
254,657
249,660
247,663
244,666
242,669
244,669
241,672
237,677
238,675
239,674
236,677
233,680
234,681
232,683
230,686
229,687
228,689
227,690
224,693
223,694
223,695
221,695
219,697
215,700
217,699
219,697
220,695
218,699
215,702
214,703
207,710
205,712
203,713
202,713
203,714
201,716
202,716
202,716
201,718
200,720
200,722
198,724
197,726
196,728
194,731
192,734
191,738
193,738
191,741
190,742
191,741
189,744
188,745
185,749
184,750
184,750
181,753
179,755
177,757
178,757
173,763
172,765
171,766
169,768
168,770
167,771
168,770
167,772
165,774
163,777
159,782
159,785
158,788
156,793
157,792
159,790
159,790
157,791
157,791
157,792
156,792
155,793
155,793
156,793
156,794
156,793
157,793
156,794
156,795
154,796
154,796
153,797
152,798
150,800
148,803
143,808
143,807
142,808
142,809
142,810
144,809
144,810
143,811
144,810
141,813
139,816
139,817
140,816
141,815
142,815
143,815
142,816
141,817
141,817
140,818
138,820
139,819
140,819
141,818
141,818
140,819
137,822
138,821
138,822
136,824
136,824
135,826
135,825
133,827
132,828
132,828
131,829
130,831
129,833
131,831
129,834
130,835
130,836
129,838
127,840
124,843
124,844
123,845
121,847
121,847
121,847
120,848
120,848
119,849
117,851
114,854
113,855
112,857
110,859
109,859
110,860
109,861
106,864
104,866
105,866
104,865
102,867
99,870
99,870
97,873
96,874
96,874
96,873
96,873
95,876
95,876
94,877
93,878
93,879
93,879
92,880
92,881
89,885
89,886
90,886
89,887
87,889
85,891
86,891
86,891
85,892
86,892
85,893
85,893
84,894
83,895
81,897
79,900
77,902
77,902
76,903
76,904
75,905
74,906
73,907
73,907
73,907
72,908
72,908
71,909
71,909
70,910
69,911
69,911
69,911
69,911
68,912
69,912
69,912
69,913
69,913
68,914
67,915
67,915
66,916
67,916
67,916
67,916
67,916
67,916
66,917
66,917
64,919
64,919
63,920
60,923
60,923
59,924
60,923
59,924
59,925
60,924
58,926
57,927
57,927
57,927
58,926
57,927
58,926
57,927
57,927
57,927
57,927
54,930
54,931
53,932
52,934
51,936
52,935
52,935
51,936
50,937
49,939
48,940
48,940
47,941
48,940
49,939
49,939
48,940
49,939
49,939
49,939
47,943
46,943
46,943
45,944
46,943
45,944
44,945
43,946
42,947
42,947
42,947
41,949
40,950
40,950
39,951
38,952
37,953
37,953
35,955
36,954
35,956
36,955
35,956
35,956
33,958
33,958
32,959
32,959
32,959
32,959
31,960
32,959
31,961
30,962
30,962
30,963
30,963
30,963
30,963
30,963
29,964
29,964
29,964
29,965
28,966
28,966
28,966
28,966
27,967
26,968
26,968
26,968
26,968
25,969
25,969
25,969
25,969
25,969
24,970
24,970
24,970
24,970
24,970
24,971
23,972
22,973
22,973
23,972
24,971
24,971
24,971
23,972
23,972
23,972
23,972
23,972
24,971
25,970
26,969
26,969
26,969
26,969
26,969
26,969
26,969
25,970
25,970
24,971
23,972
23,972
22,973
21,974
21,974
21,974
21,974
21,974
20,975
18,977
17,978
17,978
17,978
17,978
17,978
17,978
17,978
17,978
17,978
17,978
17,978
18,977
18,977
18,977
18,977
18,977
18,977
18,977
18,977
18,977
17,978
17,978
15,980
15,980
15,980
15,980
15,980
15,980
14,981
14,981
14,981
14,981
14,981
14,981
14,981
14,981
14,981
14,981
14,981
14,981
13,982
13,982
13,982
13,982
13,982
13,982
13,982
13,982
13,982
13,982
13,982
13,982
13,982
13,982
13,982
13,982
11,984
11,984
11,984
11,984
10,985
10,985
10,985
10,985
10,985
10,985
10,985
10,985
10,985
9,986
9,986
8,987
8,987
8,987
8,987
8,987
7,988
7,988
7,988
7,988
7,988
7,988
7,988
7,988
7,988
7,988
7,988
7,988
7,988
7,988
7,988
7,988
8,987
8,987
8,987
8,987
8,987
7,988
7,988
7,988
7,988
7,988
7,989
7,989
6,990
7,989
7,989
7,989
7,989
7,989
7,989
7,989
7,989
7,989
7,989
7,989
7,989
7,989
7,989
7,989
7,989
7,989
7,989
8,988
8,988
8,988
8,988
8,988
8,988
8,988
8,988
8,988
8,988
7,989
7,989
7,989
7,989
7,989
7,989
7,989
7,989
7,989
8,988
8,988
8,988
8,988
8,988
8,988
8,988
8,988
8,988
8,988
8,988
8,988
8,988
8,988
8,988
8,988
8,988
8,988
8,988
8,988
8,988
8,988
8,988
8,988
9,987
9,987
9,987
9,987
9,987
9,987
9,987
9,987
9,987
8,988
8,988
8,988
8,988
8,989
8,989
