700,50
698,52
699,51
695,52
697,52
696,53
692,53
690,54
689,54
688,54
684,56
680,56
678,55
674,55
672,56
671,57
671,56
668,58
665,58
661,57
662,57
661,57
657,57
650,59
647,62
640,64
639,65
638,66
635,68
630,68
627,68
624,66
621,67
614,69
609,69
612,67
609,68
606,68
604,67
602,68
603,68
601,70
601,70
600,70
597,71
593,69
595,68
591,67
593,67
594,66
592,64
587,63
584,64
590,65
584,66
583,67
583,68
583,66
584,65
579,66
578,63
579,64
579,64
577,64
574,64
570,64
572,64
570,64
569,65
565,66
564,65
562,66
559,67
558,66
554,66
554,65
550,65
547,66
544,68
549,66
549,65
550,65
548,65
544,65
541,66
538,67
538,67
538,65
538,64
531,63
529,62
529,63
526,62
525,62
526,60
524,60
522,60
520,59
517,60
513,60
514,61
514,61
511,62
507,61
512,59
506,60
502,60
501,58
502,59
501,59
498,60
496,61
493,62
488,61
486,59
484,57
480,56
478,57
476,55
476,55
474,55
477,54
474,55
472,55
473,56
474,57
475,56
474,54
472,53
467,55
463,55
462,56
460,56
454,56
454,57
455,55
455,55
454,55
449,56
450,57
454,57
455,54
452,54
452,53
449,53
449,52
446,52
444,51
441,50
439,50
437,50
432,50
428,51
425,50
423,50
419,49
419,49
414,50
413,49
414,49
410,50
409,50
407,51
406,51
406,51
405,51
405,49
404,49
402,48
399,48
398,49
397,48
395,49
394,51
396,50
393,49
396,50
393,50
391,50
391,50
389,48
389,47
385,48
386,48
381,49
378,49
376,49
370,49
370,49
369,49
371,49
371,49
370,48
372,48
374,47
373,47
370,47
369,46
370,46
365,45
364,45
367,45
368,45
372,44
374,44
371,43
369,43
370,44
367,44
364,43
362,43
365,45
363,45
362,46
366,46
367,45
364,45
366,45
365,45
361,45
359,45
360,46
362,46
362,45
365,47
362,49
360,49
357,49
358,49
360,47
358,47
359,46
356,46
359,46
359,46
356,46
357,45
356,44
352,44
353,44
353,45
349,45
350,44
350,43
349,43
351,43
351,43
352,44
349,45
351,43
348,44
351,43
348,42
346,41
346,42
344,43
339,44
335,45
335,45
335,45
339,46
339,48
344,48
346,48
343,47
342,48
345,48
343,48
343,47
345,48
350,46
349,45
348,45
346,45
342,45
340,44
339,44
337,44
336,44
337,44
338,44
338,44
334,42
338,43
338,43
335,44
337,45
336,45
336,43
337,43
338,43
337,43
342,42
344,42
344,41
347,40
347,39
345,39
344,38
344,36
345,34
343,35
343,35
345,34
345,34
345,33
343,32
341,32
342,31
344,31
342,31
340,31
340,31
338,29
337,29
336,29
335,28
335,28
334,28
330,28
323,29
326,29
325,29
322,28
321,28
322,29
320,29
322,28
324,27
324,27
325,27
327,28
325,28
327,28
328,27
326,27
329,27
330,26
326,26
324,26
321,26
323,27
323,27
321,27
