50,50
42,58
44,58
44,59
52,59
53,60
55,59
58,59
60,60
62,61
63,61
64,62
66,62
66,62
66,63
66,62
68,61
71,62
73,62
70,64
73,65
74,66
78,64
81,65
84,65
87,65
88,65
89,65
89,66
90,64
91,63
92,62
92,62
95,63
97,61
99,61
100,61
102,62
100,62
101,62
103,63
106,62
106,61
107,60
107,60
108,61
110,61
109,61
110,62
109,62
113,62
115,62
117,63
120,61
121,61
120,62
121,64
121,65
120,67
123,67
122,66
122,66
124,67
124,68
125,68
129,66
129,68
131,68
130,70
132,73
135,73
135,74
138,73
139,73
142,72
142,72
144,73
145,73
145,74
146,74
146,75
147,73
148,74
146,75
142,76
143,77
147,77
146,77
146,79
148,78
149,78
153,77
153,79
152,80
149,80
150,80
153,80
156,79
155,79
156,78
159,80
157,81
155,80
156,81
156,80
159,81
160,82
160,81
163,81
164,82
165,82
165,81
165,82
167,81
166,83
164,85
163,83
163,81
163,80
160,80
162,80
164,80
164,79
164,77
166,76
166,75
167,76
166,77
164,76
164,78
165,78
165,77
164,79
164,78
165,78
165,77
167,77
165,78
166,78
164,77
167,76
165,76
165,76
166,77
162,77
162,75
164,74
167,73
165,74
166,75
167,75
164,74
164,76
164,75
163,73
162,73
163,73
163,74
163,73
161,74
162,73
161,73
157,72
157,71
159,70
160,70
162,71
164,71
164,71
165,71
168,70
168,70
167,71
167,70
169,70
170,68
169,67
170,66
170,66
171,66
171,66
174,67
175,68
174,69
176,69
177,70
177,71
177,69
175,69
177,69
178,70
179,70
180,71
180,71
181,69
184,69
181,68
183,68
182,68
183,66
185,64
187,63
188,61
191,61
192,61
193,62
195,61
197,61
197,60
196,59
198,58
198,57
199,57
203,56
204,56
207,57
207,57
207,55
206,55
205,55
205,55
207,54
206,53
205,53
202,53
203,53
202,54
203,54
208,53
209,53
211,52
212,52
213,52
212,51
212,50
214,49
215,48
218,48
217,48
220,47
219,47
217,48
216,47
220,45
219,44
217,45
216,47
216,47
215,47
216,47
218,47
220,47
223,46
225,45
223,46
221,47
218,46
216,44
217,43
217,43
217,44
217,43
222,42
222,42
223,42
226,42
227,42
225,42
225,39
227,38
227,38
228,39
228,39
231,38
230,37
230,36
236,36
233,36
234,34
235,34
235,33
238,33
240,33
241,33
241,33
244,33
243,33
247,33
247,33
248,33
247,34
246,34
246,34
250,34
251,34
249,33
248,32
249,32
249,32
246,32
244,32
242,32
243,32
242,32
241,32
240,32
241,32
239,32
238,32
240,33
239,33
239,33
239,33
244,33
244,33
242,33
242,33
241,32
242,32
245,33
245,33
243,33
242,33
242,33
244,33
242,33
245,32
243,33
246,33
248,32
248,33
246,34
245,33
246,35
247,34
247,33
248,32
245,32
243,30
241,30
243,30
242,30
241,30
241,29
240,29
244,30
245,28
244,28
242,28
243,28
242,28
241,29
239,29
239,30
240,30
236,30
235,30
235,30
235,30
237,30
238,30
239,30
241,30
242,30
242,31
240,31
240,30
241,29
245,28
245,27
244,28
244,28
242,27
242,27
243,27
242,25
242,25
243,26
245,26
245,26
246,25
243,24
245,24
242,24
241,23
242,22
242,22
241,22
236,22
237,22
234,22
232,22
231,23
228,23
225,22
225,22
225,22
226,22
226,21
225,21
223,22
223,22
223,21
225,20
228,20
228,19
226,19
224,18
225,17
225,17
226,18
226,18
223,17
224,17
224,17
221,17
225,15
225,15
225,15
228,15
228,15
227,17
226,17
227,17
231,17
233,17
229,17
229,16
230,16
230,16
226,16
229,17
231,19
230,19
230,19
232,19
234,19
235,19
239,18
241,18
240,18
238,18
239,18
239,17
238,17
238,17
235,17
231,17
235,16
236,16
235,16
234,16
231,16
229,16
229,16
229,14
229,14
225,14
229,14
230,14
229,14
227,14
227,15
225,15
224,15
224,15
225,15
225,15
222,14
224,14
225,14
229,14
228,14
227,14
230,13
232,13
233,13
226,13
224,12
227,12
231,12
232,12
231,12
228,12
230,12
228,12
230,12
232,12
231,12
231,12
229,12
228,12
231,13
229,13
229,13
229,13
226,13
223,13
221,13
221,13
223,13
220,13
224,13
221,13
220,13
221,13
223,13
220,13
223,12
226,13
227,13
225,13
224,12
225,12
229,12
233,11
235,11
235,11
236,11
235,11
237,11
236,11
236,10
234,10
234,10
233,10
231,10
233,10
236,10
239,8
242,8
241,8
241,8
239,9
235,8
236,9
236,9
239,9
236,9
236,9
236,10
236,10
239,10
238,10
237,10
239,10
242,10
242,10
242,10
243,10
244,10
243,10
246,9
248,9
246,9
249,9
249,9
250,9
246,9
246,9
246,9
247,9
247,9
246,9
245,9
245,9
246,9
244,9
244,9
245,9
245,9
246,8
247,8
247,9
249,9
246,9
250,9
246,9
247,9
248,9
247,9
245,8
247,8
246,8
245,8
244,8
240,8
239,8
239,8
239,8
240,8
241,8
245,8
247,8
243,8
243,8
243,8
242,8
244,9
243,9
243,9
245,9
246,9
246,9
244,9
241,9
241,9
241,9
241,8
242,8
239,8
238,8
239,8
238,8
240,8
241,8
243,8
245,8
243,8
243,8
245,8
247,8
248,8
246,8
247,8
248,8
246,8
247,8
250,6
250,6
252,6
251,6
252,6
254,6
256,5
254,5
255,5
254,5
257,5
259,5
263,5
263,5
260,5
261,5
258,5
256,5
258,5
257,5
258,5
256,5
255,5
256,5
255,5
256,5
256,6
256,6
250,6
251,6
249,6
249,6
249,6
246,6
245,6
249,6
250,6
248,6
249,6
251,6
253,6
255,6
256,6
256,5
256,5
259,5
260,5
265,5
265,5
261,6
261,6
261,6
262,6
261,6
260,6
260,6
256,6
258,6
262,6
263,6
262,6
259,6
258,6
257,6
253,7
256,7
257,7
258,6
255,6
256,6
256,6
257,6
261,6
263,6
263,6
264,6
265,4
264,4
264,4
263,4
263,4
261,4
262,4
265,4
267,4
267,4
265,4
261,4
264,4
263,4
260,4
261,4
261,4
261,4
257,4
256,4
254,4
254,4
251,4
251,4
250,4
252,4
251,4
249,4
248,4
249,4
249,4
251,4
249,4
251,4
251,4
251,4
247,4
249,4
252,4
251,4
253,4
253,4
253,4
253,4
253,4
255,4
255,4
252,4
253,4
251,4
249,4
250,4
249,4
249,3
246,2
246,2
246,2
243,2
242,2
239,2
240,2
238,2
238,2
236,2
238,2
242,2
243,2
241,2
238,2
235,2
233,2
235,2
236,2
233,2
233,2
232,2
233,2
234,2
233,2
234,2
234,2
235,2
235,2
234,2
236,2
237,2
234,2
237,2
238,2
236,2
235,1
236,1
237,1
239,1
241,1
238,1
236,1
