50,100
42,108
44,107
47,105
48,105
49,107
48,110
50,111
51,111
54,111
54,111
56,111
59,110
59,110
58,113
58,112
60,113
62,112
61,111
64,110
65,109
64,108
65,110
66,109
68,107
68,108
68,105
68,106
69,107
71,106
71,108
74,108
73,111
75,110
79,110
79,110
79,109
78,110
82,111
81,113
80,116
81,117
83,115
85,116
85,119
85,119
87,120
90,120
92,121
95,121
97,122
101,121
101,122
106,123
108,122
109,122
112,121
113,121
115,120
116,122
118,121
118,119
117,120
117,121
117,123
116,123
115,121
115,121
119,120
119,123
120,121
121,121
124,120
124,122
125,125
126,124
128,123
129,122
128,121
128,123
130,126
132,125
131,127
132,128
132,128
132,127
131,124
131,125
132,123
132,125
133,125
136,123
137,123
139,123
140,125
141,125
138,125
137,125
139,125
138,127
142,128
143,127
142,128
141,128
144,127
142,128
144,125
140,126
141,125
141,126
142,125
141,125
144,125
143,127
145,129
146,129
146,131
147,131
149,128
151,130
151,131
153,135
154,137
153,140
152,144
153,144
152,144
154,145
156,143
161,145
163,146
160,146
161,146
158,144
161,144
161,143
161,145
161,147
162,148
163,149
164,151
167,151
166,150
168,148
172,149
174,148
172,146
171,147
173,149
176,149
178,147
178,148
179,149
183,149
185,148
185,147
187,147
187,150
186,151
188,149
191,149
191,151
193,151
195,148
194,146
199,147
199,148
197,150
198,152
199,154
199,152
200,154
200,153
199,153
201,152
201,153
200,152
199,152
198,150
199,149
198,149
201,146
199,146
198,145
198,147
201,147
204,148
204,147
206,147
210,148
211,149
209,148
209,149
210,148
210,150
209,149
212,150
212,147
211,148
211,147
214,149
217,150
217,148
215,149
215,149
216,149
216,148
221,147
220,147
222,145
220,142
221,142
221,142
220,142
221,140
218,140
216,141
218,140
221,143
219,143
218,146
219,146
219,149
216,151
215,151
214,151
215,152
214,156
216,155
217,154
218,154
216,156
216,157
214,156
215,154
217,156
218,157
216,160
217,159
220,158
219,157
220,154
222,154
223,153
225,152
224,156
226,155
225,154
225,155
226,156
226,155
225,155
227,155
226,156
226,155
225,157
227,156
230,158
226,160
227,159
228,164
230,165
230,164
232,164
234,164
232,168
232,166
236,166
234,165
233,166
232,167
233,165
231,167
231,167
230,167
231,169
234,167
234,166
234,166
235,168
236,167
238,168
235,168
233,168
233,170
235,170
233,170
234,167
232,168
233,167
236,166
238,168
239,168
237,169
236,172
233,171
232,171
235,171
233,175
233,177
232,178
230,181
231,181
235,182
235,184
233,184
232,182
231,182
228,183
232,181
238,178
241,178
243,178
243,179
241,181
241,180
241,181
242,180
237,180
236,179
236,182
232,181
234,182
234,182
233,185
233,185
232,186
231,184
233,184
234,184
233,185
231,187
228,185
229,186
231,189
231,190
230,191
230,193
233,188
236,187
233,189
233,190
231,188
231,189
234,190
233,190
234,187
233,187
235,186
236,184
239,181
238,183
241,182
238,182
239,182
240,182
240,183
242,181
241,182
238,183
240,185
241,185
240,186
239,185
239,184
239,183
238,181
240,182
245,182
247,182
249,184
247,186
249,185
252,184
252,184
250,185
249,189
251,189
250,188
254,188
251,189
250,190
251,189
251,191
251,189
250,190
251,187
248,187
248,188
245,193
248,192
248,193
246,192
243,193
243,192
242,195
243,194
243,194
242,194
243,195
243,195
245,198
245,197
244,198
244,198
242,201
242,199
240,200
242,201
243,202
243,203
244,202
243,203
245,203
245,206
246,206
247,205
245,204
242,205
241,204
239,204
234,205
232,206
232,205
235,205
234,204
234,205
235,207
237,205
234,207
234,204
235,205
236,209
234,210
236,212
237,210
233,210
231,213
233,212
234,212
235,212
235,214
235,216
234,219
232,220
232,220
233,217
235,217
234,217
232,216
232,216
233,219
233,221
235,221
234,221
238,222
235,221
232,221
231,221
232,219
231,224
231,227
230,228
228,234
229,236
232,238
230,240
231,240
229,241
226,243
228,241
225,242
226,241
228,242
230,245
231,247
229,246
228,248
227,251
227,256
229,257
226,262
227,263
227,264
227,262
228,260
229,260
229,259
231,258
231,255
231,257
231,259
233,256
236,254
237,253
238,252
237,254
236,255
237,257
235,260
239,256
239,258
238,260
238,261
237,263
239,261
240,258
240,258
238,261
237,264
239,264
239,268
238,271
239,271
239,271
238,275
240,275
242,275
240,275
241,280
241,281
243,283
243,283
245,285
242,284
241,287
241,290
241,292
239,295
236,298
237,296
239,297
240,298
237,302
237,305
239,306
236,304
236,306
239,307
237,312
238,310
238,313
236,312
239,310
238,309
234,313
235,317
236,316
234,313
234,311
236,309
236,307
235,307
233,309
232,312
230,314
230,318
229,321
231,322
229,326
230,324
231,325
228,330
227,327
229,326
230,326
232,327
229,326
230,326
230,329
232,327
232,326
233,330
236,333
238,333
239,331
241,328
241,328
244,330
243,329
242,331
237,335
240,332
239,330
242,327
241,329
240,331
243,330
242,329
240,330
239,332
237,333
236,337
238,336
239,338
243,338
246,337
246,340
245,341
246,344
248,343
247,343
241,348
240,346
241,346
240,347
239,348
237,349
235,351
235,351
233,353
228,360
226,361
225,362
224,362
226,362
225,362
225,368
221,372
222,372
215,376
216,370
214,370
212,372
211,374
210,375
212,375
213,380
213,380
215,381
214,379
212,379
214,381
213,382
215,382
217,380
218,380
219,380
217,381
218,385
220,384
220,385
221,384
221,383
219,384
217,388
216,390
215,394
215,394
215,395
217,393
219,392
220,388
218,391
216,390
216,390
215,393
217,394
218,394
220,397
221,394
219,397
219,396
217,397
216,397
214,397
214,395
215,397
215,398
216,396
217,395
219,398
220,396
222,392
221,396
221,398
220,394
218,395
217,395
215,394
214,396
217,397
215,404
211,411
210,414
209,417
209,422
210,419
210,423
210,423
209,424
207,424
207,426
207,426
205,432
204,436
203,439
201,443
201,442
201,443
199,446
200,445
197,447
195,450
194,451
194,450
192,451
195,449
194,455
192,457
187,461
187,465
185,471
185,475
183,479
183,478
184,476
184,475
186,476
186,480
186,486
186,488
186,487
186,489
186,491
185,496
185,499
183,500
183,502
181,505
181,506
181,508
178,511
175,516
175,514
173,516
174,518
173,521
172,524
173,525
173,525
174,524
173,524
174,522
173,525
175,524
174,531
174,529
173,531
173,531
174,532
175,532
174,532
174,533
171,537
169,539
169,541
169,542
168,541
167,542
166,546
165,547
165,548
165,554
165,556
163,561
159,567
158,571
161,570
159,573
161,570
159,574
157,574
155,576
154,577
152,580
153,580
152,583
151,584
151,585
148,589
148,591
147,592
146,592
145,592
142,598
141,599
140,604
142,603
142,605
142,606
143,609
142,614
141,619
141,619
141,621
140,623
140,622
140,623
139,623
138,622
