600,200
594,206
593,205
591,205
591,203
592,200
592,200
589,200
586,200
583,201
582,201
581,201
577,205
575,205
573,205
570,207
572,206
570,206
568,208
568,207
568,204
564,202
558,202
558,201
553,203
552,202
550,205
549,207
545,211
543,212
540,213
540,214
544,212
543,211
541,213
544,212
543,212
541,214
537,214
537,213
539,212
533,217
526,221
523,222
521,224
519,227
517,231
519,231
516,230
516,229
512,232
508,236
505,238
500,239
499,241
497,244
496,245
498,244
497,243
497,243
496,242
495,244
489,248
489,247
489,248
488,247
486,250
486,247
483,248
484,247
480,247
480,248
477,251
475,253
477,254
477,252
477,254
473,258
472,258
469,262
466,261
464,263
464,265
463,266
462,264
462,260
461,262
462,263
462,261
459,262
457,262
457,263
452,264
453,263
451,264
450,266
445,266
442,267
439,267
435,270
435,273
432,273
427,271
425,272
424,273
419,274
420,272
417,274
416,277
413,277
412,276
410,277
411,276
410,278
410,280
406,282
407,279
406,278
405,280
408,278
410,280
412,278
410,278
410,281
410,283
411,281
406,282
408,281
407,281
405,284
403,285
400,289
400,287
398,288
396,290
393,292
387,294
391,287
393,282
391,284
390,288
388,288
386,288
387,286
390,285
388,286
385,288
383,288
385,288
386,288
389,285
388,283
389,283
391,282
389,283
390,282
388,281
384,284
381,283
381,285
381,286
381,286
381,286
380,287
377,288
377,286
374,291
373,292
373,293
371,296
369,298
371,297
369,293
366,296
364,300
366,300
363,300
359,302
355,304
352,308
350,310
349,314
347,316
346,318
342,320
347,317
347,320
344,321
341,324
340,322
337,321
334,319
330,322
328,322
326,321
328,321
331,321
331,321
329,320
324,323
322,325
320,325
318,328
316,331
314,334
311,334
313,333
313,329
314,326
314,327
311,326
311,328
311,325
313,323
311,324
313,322
312,323
309,322
310,321
311,321
310,321
309,323
308,328
306,330
304,326
303,326
304,328
303,328
307,326
310,326
310,324
308,326
305,327
306,327
303,331
298,335
293,338
296,336
295,336
292,341
292,340
289,343
294,341
293,339
290,339
288,340
282,344
284,346
284,349
282,349
285,348
284,348
282,351
281,352
283,352
286,349
285,350
284,349
286,349
283,349
286,349
286,353
284,354
284,353
283,354
281,355
279,358
280,357
282,357
279,359
279,363
279,366
280,365
278,369
275,373
275,373
275,375
275,375
277,375
275,376
278,376
279,376
279,380
279,383
281,384
280,386
278,385
277,385
270,388
268,387
269,389
266,391
267,395
261,400
260,401
261,400
258,403
257,404
257,405
258,404
258,407
258,409
256,412
257,414
257,415
255,419
256,422
252,426
251,427
250,429
254,423
254,423
253,424
254,421
253,421
255,421
253,424
256,423
254,424
253,424
252,425
249,426
250,428
246,432
244,438
243,441
244,443
241,444
242,447
242,447
240,450
239,452
238,453
239,453
242,450
243,448
242,449
240,449
239,448
238,445
239,445
238,443
236,444
234,445
237,447
237,449
236,451
237,454
235,457
235,460
237,459
236,458
238,455
237,457
236,457
237,457
235,461
232,464
230,467
233,464
235,463
234,467
233,470
232,476
232,474
229,476
230,474
230,473
231,473
232,470
232,471
233,474
233,476
231,478
230,484
228,488
224,491
225,489
225,492
226,493
223,497
221,502
219,503
219,503
216,506
217,508
218,509
216,510
216,510
215,516
212,518
212,519
213,516
214,515
215,516
213,519
214,521
214,523
217,519
214,522
211,524
210,526
208,526
208,528
204,532
203,533
204,534
203,535
203,537
203,539
200,539
200,538
197,542
196,544
196,547
194,549
194,552
194,553
191,556
188,560
186,564
182,571
182,572
181,576
180,581
177,583
177,584
177,585
177,588
178,589
176,594
175,595
174,597
175,596
175,596
176,595
175,597
175,601
176,600
176,605
174,606
168,613
170,612
169,614
170,615
170,618
171,617
171,619
171,620
170,620
169,622
170,623
171,625
173,624
172,626
173,629
173,630
172,633
172,633
169,638
169,640
168,640
165,644
162,645
161,645
159,648
156,651
156,650
156,650
157,649
157,647
156,647
156,651
156,653
156,653
154,657
156,657
153,658
153,659
153,659
153,660
149,664
148,665
144,669
145,672
145,674
146,674
146,677
146,679
146,681
145,683
146,683
149,682
149,684
150,685
149,689
147,694
147,696
144,703
144,707
146,708
146,711
145,714
144,717
143,718
141,720
140,721
139,722
137,725
137,726
137,730
134,733
132,736
130,737
127,739
128,739
128,741
127,746
128,744
127,745
127,746
124,749
124,750
123,751
123,751
124,751
124,754
125,754
124,759
125,760
124,761
123,764
126,762
127,763
126,765
127,765
127,766
129,766
128,768
128,770
129,769
127,772
126,773
125,775
123,777
124,776
123,779
123,781
123,781
120,786
118,790
117,791
119,789
116,792
117,794
113,798
113,799
114,799
111,802
111,803
110,804
110,806
111,807
111,807
110,808
109,809
109,810
108,810
108,811
108,811
108,813
108,813
109,810
108,811
107,812
105,814
106,813
105,814
103,818
100,821
101,821
99,825
100,824
101,824
100,826
98,828
97,829
96,830
95,831
96,831
94,834
95,834
95,834
95,835
92,839
92,840
90,843
91,841
91,841
90,843
88,843
86,845
86,846
85,848
86,848
83,853
84,853
82,855
81,857
80,859
80,859
79,860
78,861
79,860
80,859
77,863
78,863
77,864
75,867
75,867
75,866
75,866
76,866
76,867
74,870
72,872
73,871
72,874
70,876
70,877
71,876
71,876
69,878
69,878
69,878
68,879
68,879
68,879
68,879
69,878
68,879
67,882
67,882
67,883
66,884
66,884
66,884
66,884
66,884
64,886
63,887
64,887
64,888
64,888
63,889
63,889
63,889
62,890
62,890
62,891
63,890
63,891
64,892
64,894
63,895
63,895
64,894
62,896
62,896
62,896
61,897
57,900
56,900
56,900
56,900
56,900
56,902
53,905
53,905
52,906
51,907
49,909
49,909
49,909
49,909
48,911
47,912
46,914
44,916
44,917
44,917
43,918
43,918
42,919
44,917
44,918
44,919
44,921
44,922
43,924
43,924
43,924
43,924
42,925
41,926
43,924
43,924
44,923
45,922
45,923
45,923
45,923
45,924
45,925
43,927
43,927
44,926
44,926
44,927
44,927
44,928
43,929
43,929
43,929
43,929
42,930
43,930
43,930
44,930
44,930
44,930
45,930
42,933
43,932
42,934
41,937
41,937
41,937
41,937
41,938
39,940
39,940
39,941
39,942
39,942
39,943
39,944
37,946
35,948
35,949
34,950
35,949
35,951
35,951
35,951
35,951
34,952
34,952
34,952
33,953
34,953
34,953
33,954
33,954
33,954
34,953
35,952
35,952
35,952
35,952
36,951
35,953
34,955
34,955
34,955
33,956
33,956
33,957
32,958
32,958
32,958
33,957
33,957
33,957
33,957
33,957
32,958
32,958
31,959
31,960
31,960
31,960
31,960
31,960
31,960
33,958
33,958
33,958
33,958
32,959
32,959
