400,400
391,409
393,411
389,415
389,416
386,421
384,422
382,421
379,423
376,421
375,420
375,420
372,423
375,421
377,421
376,425
373,427
371,432
365,437
367,440
365,440
362,443
360,447
358,448
356,449
354,451
354,453
354,453
353,455
349,458
344,460
344,466
340,468
342,466
342,467
342,467
339,470
340,469
334,472
333,472
330,473
327,474
324,477
322,479
323,482
322,487
321,489
323,488
324,488
323,489
323,490
319,493
320,493
320,494
320,496
319,495
316,496
315,495
315,496
314,501
315,499
311,505
308,508
306,513
305,516
304,519
302,521
302,520
305,517
303,518
303,518
303,521
300,521
294,530
294,529
294,527
293,528
293,526
292,529
291,532
291,536
288,540
287,541
284,543
280,547
279,547
278,549
275,553
276,551
275,553
275,552
276,553
272,559
276,556
273,560
271,566
266,573
264,574
266,572
264,576
265,577
265,579
263,582
261,586
258,588
256,588
255,591
254,595
251,599
248,602
250,599
251,598
251,597
250,600
249,600
249,601
250,599
249,601
249,602
247,605
247,608
245,610
242,615
241,612
241,613
241,613
237,616
235,618
232,621
232,622
230,627
229,628
229,628
228,629
228,630
231,629
233,628
234,630
235,631
233,634
233,634
230,635
227,638
226,641
224,644
221,648
221,651
219,657
217,663
216,665
215,666
214,669
214,669
214,668
212,671
211,672
210,672
210,674
207,677
206,677
203,680
200,684
199,688
199,688
196,690
196,692
196,694
198,693
194,696
192,700
193,702
192,703
189,706
189,709
187,710
188,711
189,709
185,712
184,713
185,713
185,710
184,710
184,713
182,716
181,718
181,721
180,722
177,725
176,727
177,728
178,728
177,729
174,732
172,733
169,736
169,736
169,735
169,737
169,737
169,738
166,744
166,748
165,749
165,749
163,751
163,751
161,753
162,754
162,756
164,756
162,759
158,764
160,764
162,762
158,767
157,769
159,769
158,772
156,775
157,774
156,775
156,775
157,775
155,778
155,778
153,781
152,785
152,785
153,785
151,788
150,790
150,790
151,790
151,790
150,793
150,793
147,796
146,796
143,799
143,800
143,800
141,802
140,803
138,805
136,807
136,807
136,807
137,809
135,812
135,813
134,814
133,814
131,817
129,819
125,823
123,825
121,828
120,828
118,831
118,830
116,831
114,833
110,837
108,841
107,843
107,844
106,845
106,845
104,847
103,848
101,851
103,849
102,852
102,853
102,854
100,856
101,855
101,855
100,855
99,857
99,858
99,858
98,858
98,858
96,860
92,865
92,865
92,865
91,866
90,867
89,868
89,868
89,868
89,868
88,869
88,868
87,870
87,871
86,872
86,875
86,876
83,882
82,883
82,884
81,885
80,886
80,888
80,888
79,891
79,891
81,890
81,890
80,891
82,890
81,892
80,893
80,893
80,893
80,893
80,892
78,894
78,895
77,896
76,897
75,899
76,898
76,898
74,900
73,901
73,901
73,901
73,902
72,903
73,902
73,902
71,905
71,905
71,906
70,907
68,909
68,909
69,908
68,909
68,909
68,908
69,907
70,906
70,906
69,907
69,910
68,911
66,913
66,913
65,913
65,913
65,913
65,913
64,915
64,915
64,915
64,915
64,915
65,914
66,913
65,915
65,916
66,915
65,916
65,916
63,919
63,919
63,919
61,921
61,921
61,921
62,920
61,922
61,922
62,921
61,923
62,922
64,920
63,921
64,920
64,920
64,920
64,920
64,920
66,918
66,918
67,917
67,918
67,918
66,920
65,921
64,922
64,922
65,921
65,921
65,921
65,921
65,921
65,921
64,922
62,924
61,925
61,925
61,925
61,925
58,928
58,928
58,929
59,928
58,929
58,929
57,930
57,930
57,930
58,929
56,931
56,931
56,931
56,931
56,931
56,931
56,931
55,932
54,933
55,932
55,933
56,932
55,934
55,934
55,934
53,936
53,936
52,937
51,938
50,939
49,940
49,940
49,940
49,940
49,940
49,940
49,940
49,940
49,940
48,941
48,941
47,942
47,942
47,942
47,942
48,941
49,940
49,940
50,939
50,939
49,940
52,938
52,938
52,939
52,939
49,942
49,942
49,942
49,942
50,941
50,941
50,941
50,941
49,942
47,944
43,948
43,948
43,948
43,948
43,948
41,950
41,950
42,949
41,950
41,950
41,950
40,951
39,952
39,952
38,953
38,953
37,954
37,954
37,954
36,955
36,955
35,956
33,958
33,958
32,959
32,959
32,959
32,959
31,960
30,961
31,960
32,959
32,959
31,960
30,961
30,961
30,961
30,961
29,962
29,962
28,963
28,963
28,963
28,964
28,965
28,965
29,964
29,964
29,964
29,964
28,965
27,966
27,966
29,964
29,964
29,964
29,964
29,965
29,965
29,965
29,965
29,965
29,965
29,965
30,964
30,964
30,964
30,964
30,964
30,964
30,964
30,964
30,964
30,964
30,964
30,964
29,965
29,965
29,965
28,966
28,966
28,966
28,966
28,966
28,966
28,966
27,967
27,967
27,967
27,967
27,967
27,967
27,967
27,967
26,968
26,968
26,968
25,969
25,969
25,969
25,969
25,969
25,969
24,969
24,969
24,969
24,969
24,969
23,970
23,970
24,969
24,969
23,970
23,970
22,971
22,971
22,971
22,971
21,972
21,972
21,972
20,973
19,974
19,974
19,974
19,974
19,974
19,974
19,975
19,975
19,975
19,976
18,977
18,977
18,977
18,977
18,977
18,977
18,977
17,978
16,979
16,979
16,979
16,979
16,979
16,979
15,980
15,980
15,980
15,980
15,980
15,980
15,980
15,980
14,981
14,981
14,981
13,982
13,982
13,982
13,982
13,982
13,982
13,982
12,983
12,983
12,983
12,983
12,984
12,984
12,984
12,984
12,984
12,984
12,985
12,985
12,985
12,985
12,985
11,986
11,986
11,986
11,986
11,986
11,986
10,987
10,987
10,987
10,988
10,988
11,987
11,987
11,987
11,987
11,987
11,987
11,987
11,987
11,987
11,988
11,988
11,988
10,989
10,989
10,989
11,988
11,988
11,988
11,988
11,988
11,988
11,988
11,988
10,989
10,989
10,989
10,989
10,989
11,988
11,988
11,988
12,987
12,987
13,986
13,986
13,986
13,986
13,986
13,986
14,985
14,985
14,985
14,985
14,985
14,985
14,985
14,985
14,985
13,986
13,986
13,986
13,986
13,986
13,986
13,986
13,986
13,986
13,986
14,985
13,986
13,986
14,985
14,985
13,986
13,986
13,986
12,987
12,987
12,987
12,987
12,987
12,987
12,987
12,987
12,987
12,987
12,987
13,986
13,986
13,986
13,986
13,986
13,986
13,986
13,986
13,986
12,987
12,987
12,987
12,987
12,987
11,988
11,988
10,989
10,989
10,989
10,989
10,989
10,989
10,989
10,989
10,989
10,989
10,989
10,989
10,989
10,989
10,989
10,989
10,989
10,989
10,989
10,989
10,989
10,989
9,990
9,990
9,990
9,990
9,990
9,990
9,990
9,990
9,990
9,990
9,990
9,990
9,990
9,990
9,990
9,990
9,990
9,990
9,990
9,990
9,990
9,990
