50,150
41,159
41,161
43,163
44,167
46,169
47,169
47,173
47,174
49,177
49,180
49,186
52,187
54,189
56,189
56,190
59,191
63,193
65,194
67,194
68,195
71,194
71,196
73,199
71,201
70,202
71,204
73,203
75,203
75,201
76,204
75,204
74,205
77,202
78,206
79,205
83,206
84,208
86,211
85,213
85,214
86,216
87,218
85,220
87,220
86,221
86,222
91,221
92,222
93,225
95,224
97,226
98,226
99,227
100,229
100,233
99,234
98,235
99,235
99,238
98,240
101,241
102,242
102,245
101,245
102,248
100,253
100,249
101,252
99,255
97,259
96,260
94,262
94,262
95,264
95,264
95,266
96,267
96,267
96,268
98,267
98,270
98,270
99,271
101,275
101,277
103,275
102,280
101,283
102,283
102,285
104,284
102,289
105,291
103,292
103,293
103,293
103,297
102,299
102,300
102,305
104,308
105,311
105,310
107,313
107,314
106,316
104,318
105,320
108,319
110,319
109,325
108,329
109,333
108,335
110,336
109,333
111,337
113,336
116,337
116,336
119,335
122,337
124,340
124,341
122,346
123,348
123,350
124,350
123,354
124,355
124,353
123,360
124,364
124,368
124,370
122,375
123,375
122,377
121,379
120,382
121,386
121,386
121,388
121,394
122,393
124,393
125,392
128,394
128,396
127,396
126,399
132,396
130,398
129,400
130,403
133,404
133,408
133,411
132,412
131,417
133,419
134,423
135,427
135,430
137,429
136,435
138,435
139,438
139,443
139,447
139,447
139,449
138,452
138,455
139,454
138,458
139,463
138,464
138,467
138,468
139,470
139,473
138,476
138,477
142,476
141,479
139,480
141,483
143,482
141,484
139,487
138,490
140,492
141,494
140,497
139,502
139,504
140,503
141,507
143,506
141,510
142,512
140,518
140,517
140,520
138,525
138,528
138,528
135,532
135,535
135,537
132,542
132,545
132,547
133,548
134,548
134,547
134,549
134,556
133,560
133,561
134,562
137,561
137,561
138,563
137,566
133,570
134,567
136,563
136,564
137,565
138,567
138,567
137,569
133,574
132,578
129,584
129,585
128,586
130,587
132,589
134,590
134,590
133,590
131,589
131,589
131,589
134,590
133,592
130,597
129,597
127,598
127,598
128,599
128,604
128,604
126,607
126,609
125,612
124,613
123,618
123,617
123,619
123,620
122,624
122,627
122,629
121,630
120,632
119,636
118,638
118,640
118,644
119,647
120,649
121,652
122,652
123,652
124,653
124,654
124,656
125,659
125,661
124,663
124,665
124,667
126,665
126,666
127,666
129,666
130,666
129,668
129,668
129,668
128,670
128,672
128,672
129,673
126,677
128,676
128,678
128,680
129,681
128,684
128,686
127,687
123,692
125,692
125,693
127,694
127,695
127,695
127,695
129,695
130,694
131,692
129,697
129,699
129,700
131,701
134,701
133,705
130,708
130,710
130,713
130,712
130,716
129,719
130,718
130,718
128,722
127,724
127,725
126,728
126,728
124,733
123,736
122,739
123,741
122,743
122,744
123,744
122,746
119,750
118,754
117,757
117,757
118,758
118,757
118,759
116,762
115,764
112,770
110,772
108,773
107,775
107,776
105,778
105,777
105,778
104,780
106,778
107,778
105,781
104,785
105,783
105,784
103,786
104,785
104,787
103,789
102,790
101,791
97,795
94,799
92,802
92,803
93,802
93,803
92,804
91,805
91,805
92,804
92,804
91,806
89,808
89,809
89,812
91,810
92,810
92,811
92,812
91,813
90,815
90,815
88,817
88,819
90,818
91,818
91,818
91,819
90,820
91,821
88,824
90,822
90,824
90,827
88,829
88,830
87,831
87,832
88,831
87,832
86,834
85,837
84,841
85,840
84,843
83,844
82,845
81,847
79,849
79,850
79,851
78,853
78,853
78,853
79,854
77,856
76,860
76,861
75,862
75,863
75,863
76,862
76,863
75,865
77,863
75,865
75,866
74,868
74,868
72,871
72,871
71,873
70,876
70,875
69,876
68,877
67,878
67,878
67,879
66,881
67,880
67,880
68,880
68,881
67,882
66,883
66,885
64,887
65,886
65,887
64,889
63,890
61,893
60,894
58,896
57,898
57,898
56,899
54,902
53,904
52,904
52,904
51,906
51,906
52,905
53,904
52,905
51,906
52,905
52,905
53,904
50,907
50,908
49,909
50,908
50,909
50,909
48,911
48,915
48,916
48,916
48,917
47,918
47,918
47,919
47,919
47,919
47,919
47,920
47,920
47,920
48,919
48,919
50,918
50,919
50,919
48,921
49,920
49,921
49,922
48,923
47,925
47,925
47,925
49,923
49,924
48,925
48,925
46,927
46,927
45,929
46,929
46,929
48,927
48,927
47,928
46,930
46,931
45,933
44,934
44,935
43,936
43,936
42,937
42,937
41,938
41,938
41,938
41,940
41,940
41,940
41,940
41,940
41,941
41,942
41,942
41,942
41,942
42,942
43,942
43,942
44,941
45,940
45,940
45,940
45,940
45,940
45,941
44,942
44,942
44,943
43,944
42,945
43,944
43,944
41,946
41,946
41,946
41,946
41,946
41,946
41,946
40,947
38,949
38,949
37,950
36,951
37,950
37,950
37,950
37,950
37,950
37,950
36,951
36,951
36,951
35,952
35,952
36,951
36,951
34,954
34,954
34,954
34,954
34,954
34,954
34,954
34,955
33,956
33,956
33,956
33,956
33,956
33,956
33,958
33,958
32,959
32,959
32,959
32,959
32,959
32,959
32,959
31,960
32,959
31,960
31,960
30,961
29,962
29,962
29,962
29,963
29,963
30,962
30,962
30,962
29,963
29,963
29,963
29,963
29,963
29,963
29,963
29,963
29,963
29,963
29,963
29,963
28,964
28,964
28,964
28,964
27,965
28,964
28,965
28,965
29,964
28,965
28,965
26,967
26,967
26,967
26,967
27,966
27,966
26,967
26,967
26,968
26,968
26,968
26,968
25,969
24,970
24,970
24,970
24,971
23,972
23,972
23,972
23,972
23,973
23,973
22,974
22,974
22,974
22,974
21,975
20,976
20,976
20,976
20,976
19,977
19,977
18,978
18,978
18,978
18,978
18,978
18,978
18,978
19,977
19,977
20,976
20,976
20,976
20,977
20,977
20,977
20,977
20,977
20,977
20,977
18,979
19,978
18,979
18,979
17,980
17,980
17,980
17,980
17,980
17,980
17,980
17,980
17,980
17,980
17,980
16,981
15,982
15,982
15,982
15,983
15,983
15,983
17,981
17,981
17,981
16,982
15,983
15,983
15,983
15,983
15,983
15,983
16,982
16,982
16,982
16,982
16,982
16,982
16,982
16,983
16,983
16,983
15,984
15,984
15,984
15,984
15,984
15,984
15,984
15,984
14,985
14,985
13,986
13,986
13,986
11,988
11,988
11,988
11,988
11,988
11,988
11,988
11,988
11,988
11,988
11,988
11,988
11,988
11,988
11,988
11,988
11,988
11,988
11,988
11,988
11,988
11,988
11,988
11,988
11,988
11,988
11,988
11,988
11,988
11,988
11,988
10,989
10,989
10,989
10,989
10,989
10,989
9,990
9,990
9,990
