50,250
40,260
40,265
40,269
39,272
39,274
40,280
41,283
42,287
44,286
40,292
40,297
41,303
42,309
43,313
45,316
46,319
46,320
49,321
47,321
48,323
50,328
50,333
52,333
53,335
53,341
53,349
53,353
53,355
53,359
52,362
51,369
49,373
50,377
50,380
51,383
53,383
53,383
55,386
54,389
55,390
55,393
55,391
57,394
58,399
60,402
60,408
60,414
61,416
62,420
63,423
64,428
66,430
66,428
66,430
67,429
68,429
69,431
69,435
70,438
71,442
72,445
70,447
70,449
71,452
71,455
70,455
71,459
71,462
72,466
72,467
72,470
71,476
69,482
69,484
69,490
69,493
68,491
68,495
70,495
71,499
71,504
70,507
69,511
67,514
66,516
68,518
68,520
70,523
69,528
70,528
68,531
68,532
69,534
68,537
68,539
68,545
68,548
67,551
66,556
67,559
65,563
65,567
65,566
67,569
65,573
64,578
64,581
65,583
65,588
67,588
66,593
66,595
67,599
66,603
66,605
66,608
65,612
66,615
67,616
67,622
66,622
66,621
66,624
66,626
63,629
62,631
62,633
63,635
62,636
62,640
62,641
61,646
61,648
63,653
61,657
60,660
60,663
61,667
61,670
61,671
61,674
60,677
58,680
58,680
57,683
57,681
55,683
54,685
53,687
53,688
53,692
52,695
53,699
53,700
54,702
54,707
54,709
53,712
51,717
50,722
49,727
48,730
48,732
47,735
46,738
45,741
45,741
46,744
45,749
43,751
43,752
43,752
43,755
42,757
42,756
42,756
43,755
43,756
45,758
46,758
46,761
44,763
42,766
41,767
42,769
42,770
41,777
39,781
39,781
38,783
37,785
37,785
37,786
37,788
37,789
37,790
36,791
36,792
35,794
34,797
32,801
32,803
32,804
32,804
32,805
32,806
31,810
31,812
31,813
31,813
31,814
31,816
31,817
30,818
30,819
30,822
30,824
30,825
30,827
31,826
31,829
30,830
31,830
31,831
31,832
30,836
30,837
30,839
29,840
29,841
28,843
27,844
27,845
26,849
27,849
27,848
27,850
28,846
28,847
28,848
28,849
27,851
27,854
27,856
28,854
27,856
27,857
26,860
25,861
24,862
23,863
23,864
23,866
22,869
22,870
22,871
22,873
22,873
22,873
22,874
22,875
22,877
21,880
21,882
21,884
21,884
21,885
22,884
21,885
21,886
21,887
20,890
20,890
20,891
20,892
20,891
20,891
20,891
21,892
21,892
21,892
21,893
21,894
21,894
21,896
21,896
21,898
21,903
22,905
22,907
22,907
21,908
22,907
21,908
21,911
21,912
21,912
22,912
22,912
21,914
22,913
22,913
22,912
23,911
24,910
24,911
24,912
24,913
23,914
23,915
22,916
21,917
21,917
21,918
21,918
21,918
21,920
21,921
19,923
19,923
19,923
17,925
17,925
17,926
17,927
15,929
15,930
15,931
15,933
15,935
14,936
14,937
14,938
13,940
13,942
12,945
12,945
12,946
12,946
12,947
12,947
12,948
12,951
12,951
12,954
12,954
11,955
11,956
11,957
11,957
11,957
11,958
11,958
11,958
11,958
11,958
11,958
11,959
11,959
11,960
11,960
11,960
11,960
11,961
11,962
11,963
10,964
10,964
10,965
10,966
10,966
10,967
10,968
10,968
10,968
10,968
10,968
11,967
11,967
11,967
11,967
11,967
11,967
11,968
11,968
11,968
11,968
11,968
11,968
10,969
10,970
10,970
8,972
8,972
8,972
8,972
8,972
8,972
8,972
8,973
8,973
8,973
8,973
8,973
8,973
8,973
8,973
8,974
8,974
8,974
7,975
7,975
7,975
7,975
7,975
7,975
7,975
6,976
6,976
6,976
6,976
6,976
6,976
6,976
6,976
6,977
6,978
6,979
6,979
6,980
6,980
6,980
6,980
6,980
6,980
6,980
6,980
5,981
5,981
5,981
4,983
4,983
4,983
4,983
4,983
4,983
4,983
4,983
4,983
4,983
4,983
4,983
4,983
4,983
4,983
4,983
4,983
4,983
4,983
3,984
3,984
3,984
3,984
3,984
3,984
3,984
2,985
2,985
2,985
2,985
2,986
2,986
2,987
2,987
2,987
2,988
2,988
2,988
2,988
2,988
2,988
2,988
2,988
2,988
2,988
2,988
2,988
2,988
2,988
2,988
2,988
2,988
2,988
2,988
2,988
2,988
2,988
2,988
2,988
2,988
2,988
2,988
2,988
2,988
2,988
2,988
2,988
2,988
2,988
2,988
2,989
2,989
2,989
2,990
2,991
2,991
2,991
2,991
2,991
2,991
2,991
2,991
2,991
2,991
2,991
2,991
2,991
2,991
2,991
2,991
2,991
2,991
2,991
2,991
2,991
2,992
1,993
1,994
1,994
1,994
1,994
1,994
1,994
1,994
1,994
1,994
1,994
1,994
1,994
1,994
1,994
1,994
1,994
1,994
1,994
1,994
1,994
1,994
1,994
1,994
1,994
1,994
1,994
1,994
1,994
1,994
1,994
1,994
1,994
1,994
1,994
1,994
1,994
1,994
1,994
1,994
1,994
1,994
1,994
1,994
1,994
1,994
1,994
1,994
1,994
1,994
1,994
1,994
1,994
1,994
0,995
0,995
0,995
0,995
0,995
0,995
0,995
0,995
0,995
0,995
0,995
0,995
0,995
0,995
0,995
0,996
0,996
0,996
0,996
0,997
0,997
0,997
0,997
0,998
0,998
0,998
0,998
0,998
0,998
0,998
0,998
0,998
0,998
0,998
0,998
0,998
0,998
0,998
0,998
0,998
0,998
0,998
0,998
0,998
0,998
0,998
0,998
0,998
0,998
0,998
0,998
0,998
0,998
0,998
0,998
0,998
0,998
0,998
0,998
0,998
0,998
0,998
0,998
0,998
0,998
0,998
0,998
0,998
0,998
0,998
0,998
0,998
0,998
0,998
0,998
0,998
0,998
0,998
0,998
0,998
0,998
0,998
0,998
0,998
0,998
0,998
0,998
0,998
0,998
0,998
0,998
0,998
0,998
0,998
0,998
0,998
0,998
0,998
0,998
0,998
0,998
0,998
0,998
0,998
0,998
0,998
0,998
0,998
0,998
0,998
0,998
0,998
0,998
0,998
0,998
0,998
0,998
0,998
0,998
0,998
0,998
0,998
0,998
0,998
0,998
0,998
0,998
0,998
0,998
0,998
0,998
0,998
0,998
0,998
0,998
0,998
0,998
0,998
0,998
0,998
0,998
0,998
0,998
0,998
0,998
0,998
0,998
0,998
0,998
0,998
0,998
0,998
0,998
0,998
0,998
0,998
0,998
0,998
0,998
0,998
0,998
0,998
0,998
0,998
0,998
0,998
0,998
0,998
0,998
0,998
0,998
0,998
0,998
0,998
0,998
0,998
0,998
0,998
0,998
0,998
0,998
0,998
0,998
0,998
0,998
0,998
0,998
0,998
0,998
0,998
0,998
0,998
0,998
0,998
0,998
0,998
0,998
0,998
0,998
0,998
0,998
0,998
0,998
0,998
0,998
0,998
0,998
0,998
0,998
0,998
