50,350
40,360
43,362
43,369
45,371
46,376
45,380
46,386
45,390
44,394
44,397
45,401
44,402
44,404
45,406
44,409
44,413
44,418
44,422
43,425
44,426
45,427
45,431
47,433
50,435
49,440
50,442
51,444
52,444
52,446
52,449
54,451
55,458
55,464
54,469
53,473
53,475
53,480
53,483
54,486
53,488
53,493
51,497
50,500
51,503
49,507
49,513
48,517
49,520
49,523
47,529
47,534
46,536
46,536
45,541
45,545
46,551
46,553
46,556
46,557
47,558
47,559
48,562
48,568
48,573
50,575
50,576
51,578
53,580
53,580
52,584
53,586
53,591
54,595
52,598
52,601
51,607
51,610
50,617
51,618
51,623
51,625
50,629
48,631
49,634
48,639
47,642
46,646
45,650
46,651
46,650
46,654
46,657
45,663
43,669
42,672
43,674
44,676
44,679
44,681
43,684
43,688
42,689
41,694
41,700
41,700
41,703
41,706
43,707
43,710
43,715
43,717
44,719
43,720
43,724
42,726
42,728
42,731
42,733
41,736
41,736
42,735
41,737
41,741
41,742
42,745
40,747
40,752
40,754
39,757
40,758
40,760
40,763
39,764
38,767
37,769
38,768
38,769
38,769
37,771
37,772
37,775
37,778
37,780
36,784
35,787
35,790
35,792
35,793
36,794
36,796
36,799
37,798
37,799
38,798
38,798
38,801
38,802
37,804
38,805
38,805
37,807
37,809
38,809
37,813
37,814
38,814
38,816
38,818
38,818
38,820
37,822
37,823
37,826
37,827
35,831
35,833
35,835
34,837
33,838
32,840
32,841
32,841
32,845
31,847
31,849
30,851
30,852
30,854
30,855
31,854
30,856
29,859
27,861
26,864
26,864
26,865
26,867
26,868
26,868
26,869
26,870
25,872
25,872
25,872
23,876
23,878
23,878
24,877
25,878
25,879
24,881
23,883
23,883
23,883
23,884
23,885
23,886
24,889
25,889
25,889
24,890
24,890
24,890
23,892
23,892
22,893
21,896
21,896
21,897
21,900
21,900
21,901
21,902
21,904
21,905
21,906
21,908
21,908
21,909
21,909
20,910
20,910
20,912
20,913
20,915
20,915
21,914
21,914
20,915
19,917
19,917
18,918
17,920
17,920
17,921
16,922
14,924
14,928
13,929
13,929
13,929
13,930
13,931
13,931
13,931
13,932
13,933
13,934
13,934
12,936
12,936
12,936
13,935
14,935
15,934
15,935
16,934
15,936
15,936
15,936
15,937
15,938
15,938
15,938
16,937
16,937
16,940
16,940
16,941
16,941
16,941
15,942
15,943
15,943
13,945
13,945
14,944
14,945
14,945
14,945
14,945
14,946
14,946
14,946
14,947
14,947
14,948
14,949
14,949
14,950
14,952
14,952
14,953
14,953
14,953
14,953
14,953
14,953
14,954
13,956
13,956
13,956
13,957
13,957
13,957
13,957
13,957
13,958
13,958
13,959
13,959
14,958
14,958
14,958
14,958
14,958
14,958
14,960
14,960
14,960
14,960
14,960
14,961
14,962
14,962
15,961
15,961
16,960
16,960
15,961
15,961
15,961
15,961
16,961
16,961
16,962
16,962
15,963
15,964
15,964
15,964
15,965
15,965
16,964
16,964
16,964
16,964
16,964
16,964
16,964
15,965
15,965
16,964
16,964
16,965
15,966
15,967
15,967
15,967
15,967
15,967
15,967
16,966
16,966
15,967
15,967
15,967
15,967
15,967
15,967
15,967
15,967
15,967
15,967
14,968
14,968
14,969
14,969
14,969
14,969
14,969
14,970
14,970
14,970
13,971
13,971
13,971
13,971
13,971
13,971
13,971
13,971
13,971
12,972
12,972
11,973
10,974
9,976
9,976
9,976
9,976
9,976
9,976
9,976
9,976
9,976
9,976
9,976
9,976
9,976
9,976
10,975
10,975
10,976
10,976
10,976
10,977
11,976
11,976
11,976
11,977
10,978
11,977
11,977
11,977
11,977
11,977
11,977
11,977
11,977
11,977
11,977
11,978
11,978
11,978
11,978
11,978
11,978
11,979
11,979
11,979
10,980
10,980
10,980
10,980
10,980
10,980
10,980
10,980
10,980
10,980
10,980
10,981
10,981
10,981
10,981
10,981
10,981
10,981
10,982
10,982
10,982
10,982
10,982
10,982
10,982
10,982
10,982
10,982
9,983
8,984
8,985
8,985
8,985
8,985
7,986
6,987
6,987
6,987
6,987
6,987
6,987
6,987
6,987
6,987
6,987
6,987
6,987
5,988
5,989
5,989
5,989
4,990
4,990
4,990
4,991
4,991
4,991
4,991
4,991
4,992
4,992
4,992
4,992
4,993
4,993
4,993
4,993
4,993
4,993
4,993
4,993
4,993
4,993
4,993
5,992
5,992
5,992
5,992
5,992
5,992
5,992
5,992
5,992
5,992
5,992
5,992
5,992
5,992
5,992
5,993
5,993
5,993
5,993
4,994
4,994
3,995
3,995
3,995
3,995
3,995
3,995
3,995
3,995
3,995
3,995
3,995
3,995
3,995
3,995
3,995
3,995
3,995
3,995
3,995
3,995
3,995
3,995
3,995
3,995
3,995
3,995
3,995
3,995
3,995
3,995
3,995
3,995
4,994
4,994
4,994
4,994
4,994
4,994
4,994
4,994
4,994
4,994
4,994
4,994
4,994
4,994
4,994
4,994
4,994
4,994
4,994
4,994
4,994
4,994
4,994
4,994
4,994
4,994
4,994
4,994
4,995
4,995
4,995
4,995
4,995
4,995
4,995
4,995
4,995
4,995
4,995
4,995
4,995
4,995
4,995
4,995
4,995
4,995
4,995
4,995
4,995
4,995
4,995
3,996
3,996
3,996
3,996
3,996
3,996
4,995
4,995
4,995
4,995
4,995
4,995
4,995
4,995
4,995
4,995
4,995
4,995
4,995
4,995
4,995
4,995
4,995
4,995
4,995
4,995
4,995
4,995
4,995
4,995
4,995
4,995
4,995
4,995
4,995
4,995
4,995
4,995
4,995
4,995
4,995
4,995
5,994
5,994
5,994
5,994
5,994
4,995
4,995
4,995
4,995
4,995
4,995
4,995
4,995
3,996
3,996
3,996
2,997
2,997
2,997
2,997
2,997
2,997
2,997
2,997
2,997
2,997
2,997
2,997
2,997
2,997
2,997
1,998
1,998
1,998
1,998
1,998
1,998
1,998
1,998
1,998
1,998
1,998
1,998
1,998
1,998
1,998
1,998
1,998
1,998
1,998
1,998
1,998
1,998
1,998
1,998
1,998
1,998
1,998
1,998
1,998
1,998
1,998
1,998
1,998
1,998
1,998
1,998
1,998
1,998
1,998
1,998
1,998
1,998
1,998
1,998
1,998
1,998
1,998
1,998
1,998
1,998
1,998
1,998
1,998
1,998
1,998
1,998
1,998
1,998
1,998
1,998
1,998
1,998
1,998
1,998
1,998
1,998
1,998
1,998
1,998
1,998
1,998
1,998
1,998
1,998
2,997
2,997
2,997
2,997
2,997
2,997
2,997
2,997
2,997
2,997
2,997
2,997
2,997
2,997
