400,200
395,205
396,202
395,200
392,203
392,203
392,204
394,199
393,200
393,199
390,202
389,203
387,205
387,203
390,201
388,202
388,201
387,199
387,201
384,201
384,201
382,203
385,202
384,198
383,195
383,193
382,193
382,190
383,190
384,190
382,189
380,190
385,188
382,192
383,191
383,192
381,192
378,192
375,192
372,192
374,192
369,193
367,193
367,196
366,197
362,199
358,201
362,200
361,195
363,193
363,192
363,192
361,192
361,193
356,194
354,193
351,195
347,200
344,202
347,201
348,200
349,198
349,197
349,198
351,197
354,196
355,194
353,194
351,197
349,198
353,198
354,195
350,198
352,198
348,200
350,197
350,196
347,197
350,194
351,196
346,199
343,198
344,194
339,194
338,193
334,191
330,194
328,193
327,196
326,196
324,195
326,193
324,195
324,195
321,193
318,195
320,196
323,197
321,200
322,197
325,198
323,198
324,199
323,201
322,201
321,199
323,197
322,199
323,199
324,199
324,200
322,202
323,200
325,202
328,205
329,207
330,207
327,207
329,209
330,207
329,211
326,212
326,210
326,212
328,212
324,213
326,217
323,222
325,223
322,219
320,220
318,222
318,224
316,223
316,224
318,225
318,224
319,226
316,228
318,228
317,230
317,232
313,233
315,234
313,236
314,235
310,235
310,235
310,236
309,235
311,238
309,236
308,232
304,236
306,235
306,234
307,232
306,237
304,238
303,238
301,238
304,239
303,241
301,243
298,243
297,242
296,243
299,242
297,243
296,247
295,247
293,248
294,249
293,248
294,248
296,247
295,247
295,249
293,247
290,248
290,249
290,248
290,247
290,247
289,245
288,245
286,249
285,249
286,248
288,244
286,245
288,247
287,246
286,247
288,244
285,242
286,243
290,243
290,242
289,243
288,243
287,243
283,242
281,243
279,241
279,240
279,243
279,242
279,244
276,246
274,247
275,248
276,248
276,247
273,249
274,247
273,249
271,251
269,253
269,250
269,248
271,248
270,249
270,253
270,254
272,254
272,253
272,252
268,253
265,255
264,254
263,255
264,253
264,250
260,253
258,256
257,258
260,255
260,256
258,258
256,257
254,261
255,259
259,258
260,258
258,264
257,268
255,269
254,271
253,271
254,272
258,269
259,271
258,271
258,272
256,276
254,278
254,277
252,279
251,284
251,282
250,282
249,283
248,282
248,286
248,284
248,284
248,282
246,284
247,282
250,279
247,280
247,281
248,282
248,284
250,282
252,283
249,284
247,286
247,289
245,291
244,289
245,292
243,294
243,293
244,294
240,300
240,300
238,303
238,305
240,303
235,304
238,302
236,299
235,300
237,299
235,297
238,296
237,295
234,299
233,302
234,300
235,299
233,299
235,300
233,302
231,303
232,302
230,303
227,309
230,306
230,304
230,302
232,297
231,300
229,300
230,300
229,301
232,304
235,301
235,302
232,303
234,304
234,307
234,307
234,310
234,312
232,309
235,308
236,311
237,312
233,314
232,314
235,314
238,312
238,314
236,314
235,311
237,309
234,310
232,314
231,316
231,317
230,318
231,318
229,322
229,319
230,321
233,320
230,322
230,324
229,325
229,324
229,327
230,329
228,329
228,329
228,330
227,335
226,336
226,337
226,337
225,341
225,343
225,346
222,348
224,348
227,351
224,354
224,356
222,359
223,362
222,363
221,364
221,366
225,367
225,372
221,375
222,374
221,377
224,376
222,378
219,382
221,380
216,386
216,388
215,393
215,393
218,390
219,392
219,393
219,392
216,389
217,386
214,389
212,390
212,391
213,393
211,394
214,395
212,396
213,401
215,400
210,405
208,407
207,411
207,412
208,417
209,416
205,418
203,421
203,422
199,425
198,425
201,424
201,426
203,427
201,430
202,431
202,433
203,436
200,438
199,438
196,440
197,442
195,445
195,446
196,447
194,446
193,450
193,453
195,455
195,457
194,459
191,463
188,467
187,466
188,467
187,468
187,471
189,472
189,475
188,474
186,477
185,479
183,481
184,484
183,486
181,486
181,488
178,492
179,491
179,493
178,495
176,497
176,500
173,502
174,503
174,505
174,508
173,510
175,506
175,504
176,506
173,508
174,507
173,509
172,512
171,514
169,519
170,518
172,517
173,520
173,521
176,519
178,518
179,518
182,518
181,521
182,524
183,524
182,531
183,531
184,528
183,529
183,533
181,534
181,535
181,535
181,534
179,539
178,538
177,540
180,540
179,541
180,542
179,544
177,548
176,547
175,551
175,555
175,557
174,559
172,563
173,565
170,567
169,568
171,568
172,569
174,569
173,571
173,573
172,573
170,575
167,580
165,584
163,584
165,586
165,586
164,589
163,590
163,588
162,592
164,593
165,594
164,596
167,594
167,595
165,597
164,601
163,600
160,602
158,607
159,607
161,607
161,606
159,609
157,614
154,618
154,620
149,625
149,626
150,628
150,630
151,631
150,633
152,632
152,635
149,639
149,642
146,646
146,645
146,646
145,649
144,650
141,654
140,656
138,657
137,660
137,662
135,666
135,665
134,669
133,671
130,674
130,676
128,684
127,686
128,687
128,688
127,692
125,697
126,698
123,701
122,702
120,704
117,707
117,709
116,712
115,715
115,716
118,716
118,720
119,720
116,723
115,726
115,728
114,730
111,735
108,738
108,738
108,739
106,744
104,747
103,749
103,751
102,753
103,755
105,753
106,754
107,753
108,754
108,753
107,754
107,756
104,760
105,760
103,763
103,762
101,764
100,768
100,770
101,770
99,773
99,774
97,778
98,781
98,781
99,780
98,781
98,783
98,785
95,788
96,791
95,794
96,793
97,794
97,794
96,796
96,797
97,796
95,800
95,803
95,804
95,805
95,806
95,806
94,809
93,812
93,811
94,810
92,814
92,815
90,816
89,818
89,818
90,818
90,818
90,818
92,817
93,817
92,818
92,818
91,820
89,823
90,824
89,825
87,828
86,830
87,830
85,832
84,833
85,832
85,833
84,836
84,836
81,840
82,840
80,842
79,843
79,845
79,845
78,848
78,849
78,850
79,849
77,851
78,852
77,853
76,856
74,858
72,860
73,859
73,859
73,860
73,861
72,864
72,864
73,863
72,864
72,863
72,863
72,863
71,865
71,865
72,864
69,867
69,867
69,867
69,868
66,872
66,872
67,873
67,874
67,874
67,876
66,877
66,877
65,879
65,880
65,880
66,880
64,884
63,885
63,884
63,884
62,885
63,885
65,883
65,883
65,883
64,885
64,886
65,885
65,886
64,887
62,889
62,889
62,889
61,890
61,891
61,892
61,892
62,890
63,890
63,891
64,891
63,892
62,893
62,893
62,894
61,895
60,897
58,901
59,900
59,900
59,901
59,901
59,901
58,904
57,906
57,906
59,906
59,907
59,907
60,906
59,907
59,907
58,908
58,908
57,910
55,912
53,915
53,916
53,916
53,917
53,917
53,917
53,917
54,916
54,917
54,917
55,916
55,916
52,919
51,920
51,920
50,921
50,922
50,924
50,924
48,926
48,927
49,926
49,926
49,926
49,926
49,926
49,926
49,926
51,925
51,925
50,926
50,926
49,927
49,927
48,928
47,929
47,929
48,929
47,930
