900,50
900,50
899,51
897,50
895,51
894,51
891,52
889,51
888,52
885,52
883,54
881,55
880,55
880,54
881,54
881,52
877,53
875,54
875,52
873,51
871,51
867,51
863,54
864,52
860,54
858,54
858,53
856,54
858,53
858,52
856,52
853,52
855,52
852,53
850,55
850,55
848,55
848,54
848,54
847,54
849,54
844,55
839,57
841,56
839,57
838,55
836,55
832,57
828,57
827,58
825,58
824,59
819,61
819,60
814,62
810,62
806,62
804,63
801,62
797,63
797,64
794,64
791,65
792,65
793,65
791,65
789,65
787,66
783,66
782,69
779,70
777,70
773,71
772,71
768,72
766,71
761,73
758,73
751,78
750,78
748,77
741,78
735,78
734,78
728,80
726,82
723,83
723,86
719,87
717,87
713,87
708,89
703,90
702,90
700,89
697,89
696,89
695,90
694,90
690,93
688,94
686,96
682,97
681,98
678,100
676,101
671,102
668,101
665,103
661,102
661,102
659,101
655,103
654,104
653,106
652,106
651,106
652,103
648,104
649,99
648,101
646,101
644,102
643,101
643,100
643,100
644,100
648,98
648,98
645,99
643,101
641,100
642,97
640,98
639,97
638,98
637,98
638,100
631,100
635,98
632,101
631,101
628,103
626,103
626,102
624,103
620,104
622,104
621,103
618,103
619,99
615,100
611,101
606,104
602,103
604,104
599,105
598,104
595,103
596,102
596,104
591,105
591,103
586,106
585,106
583,106
580,107
579,109
576,110
574,109
574,108
570,107
566,107
562,105
561,104
560,102
558,100
557,99
554,97
551,98
549,98
548,99
549,99
545,100
541,100
540,100
534,101
534,100
535,99
533,97
527,96
527,97
527,94
524,95
521,94
518,94
519,91
512,91
509,91
510,92
510,92
508,92
504,94
501,95
499,95
495,94
490,95
488,93
488,93
490,89
489,88
488,89
486,90
489,89
485,90
484,90
481,90
478,91
480,89
479,91
474,90
474,90
471,91
471,92
469,92
467,92
465,94
463,95
463,96
465,95
464,94
460,93
455,93
455,94
451,94
450,92
454,92
454,93
454,93
456,92
456,92
457,92
453,91
448,91
443,92
444,92
439,91
441,91
443,93
442,92
438,91
437,92
437,90
436,90
434,87
434,88
436,84
435,83
437,83
437,83
434,84
434,85
433,86
431,86
427,87
423,87
421,86
422,84
420,85
418,85
417,85
417,85
414,85
416,84
420,83
416,83
418,81
417,81
415,79
417,79
416,79
415,80
412,81
410,82
412,79
411,78
409,77
409,78
407,78
406,78
406,79
403,80
401,80
404,79
405,78
409,77
412,77
411,77
409,76
410,75
410,74
411,73
410,72
408,73
408,73
407,73
405,72
406,71
406,71
403,71
404,70
403,71
402,70
399,70
397,68
398,66
395,65
395,66
395,68
396,67
395,67
394,68
394,66
391,65
388,63
388,62
385,63
386,63
384,63
384,64
383,64
382,63
383,63
383,63
383,63
382,61
382,60
380,61
384,61
382,62
383,61
382,61
382,61
382,61
379,60
380,61
380,62
380,61
378,60
378,59
375,58
377,57
380,56
384,54
381,54
381,53
382,52
384,52
384,52
383,52
386,50
383,49
384,49
384,49
380,50
380,50
383,49
381,48
382,47
378,46
371,46
371,45
369,45
365,45
363,44
367,43
368,41
365,41
367,40
367,39
362,41
359,39
358,39
358,39
360,38
358,37
361,36
360,36
357,36
358,35
356,35
357,35
353,35
353,35
352,34
351,34
348,34
350,33
348,33
352,33
351,32
350,32
351,31
349,32
348,31
350,31
346,32
341,33
340,34
337,33
337,32
336,32
333,32
330,33
330,34
330,33
331,33
330,33
328,31
327,31
329,32
330,33
326,34
329,34
325,35
324,35
324,35
323,34
323,34
325,34
325,34
322,34
323,34
323,35
324,34
324,33
324,32
323,31
323,31
324,31
323,31
320,31
317,30
316,29
315,29
316,30
314,30
311,30
308,31
306,32
305,33
305,32
304,33
306,33
306,33
306,32
305,32
307,32
307,32
308,32
309,32
308,32
309,32
312,33
315,31
320,31
320,31
318,31
316,31
315,30
311,29
315,29
311,30
314,30
310,32
310,32
309,32
308,31
309,31
303,31
303,31
304,32
301,33
301,33
302,33
302,32
302,32
302,32
302,33
299,32
298,33
297,33
297,34
297,33
295,34
294,35
291,35
290,35
290,35
291,35
289,35
288,35
288,35
288,34
285,34
283,35
283,35
285,33
284,33
284,33
282,33
281,34
279,34
278,33
278,33
276,34
278,35
278,35
280,35
280,35
278,35
279,37
278,37
275,37
277,37
280,36
278,35
277,36
278,35
282,34
283,34
280,33
278,33
279,34
279,34
278,33
282,33
283,32
286,33
286,33
290,33
291,33
293,33
294,34
291,34
291,35
288,36
294,34
292,34
291,33
292,32
294,31
295,31
295,32
293,31
292,32
290,32
288,32
284,32
287,31
289,31
286,31
285,30
285,30
283,30
279,30
281,28
280,27
283,28
284,28
282,28
283,29
286,28
286,28
285,28
288,28
289,27
289,25
289,25
287,24
288,24
290,26
291,26
289,26
288,26
285,27
285,26
285,26
287,26
287,26
287,26
289,26
288,25
287,24
288,25
286,24
287,25
285,25
284,24
283,24
281,24
281,23
279,23
276,23
278,23
277,22
277,22
277,22
274,23
278,23
279,23
277,23
275,23
276,23
278,23
278,23
279,24
282,26
280,25
283,25
286,25
285,25
284,26
286,27
286,24
288,24
286,24
286,23
286,23
285,23
285,23
287,22
287,22
287,21
285,20
286,21
285,21
286,21
284,20
286,19
286,19
285,19
288,19
288,19
289,19
290,19
293,19
292,19
292,21
295,21
296,21
294,21
296,21
293,21
296,21
293,21
296,21
298,21
299,20
297,20
295,20
295,20
298,20
299,20
299,19
300,18
299,18
301,18
298,18
299,18
298,19
296,18
298,18
298,18
296,19
300,20
299,20
300,20
300,20
299,20
297,19
298,19
297,19
293,19
292,19
292,19
293,18
292,19
290,18
292,18
287,18
285,18
284,18
283,18
279,18
279,18
281,18
281,17
281,17
280,17
280,17
278,17
279,17
280,18
279,18
278,18
280,18
275,18
279,18
279,18
280,16
279,16
281,16
280,16
281,16
280,16
278,16
277,17
277,17
276,17
275,17
276,17
272,16
271,16
274,16
274,16
271,16
271,16
269,16
272,15
270,15
270,15
273,14
269,14
268,14
267,13
262,13
264,13
262,13
264,13
263,13
261,13
264,13
263,13
262,13
264,13
267,12
267,12
266,12
270,12
269,11
265,11
266,10
265,10
263,10
265,10
261,10
257,10
258,10
258,10
258,10
256,10
253,9
253,9
251,9
252,9
254,9
250,9
249,9
251,9
249,8
249,8
250,8
252,8
251,8
251,8
249,8
250,8
248,8
246,8
246,8
248,8
249,8
249,8
245,8
245,8
249,8
247,8
249,8
250,8
250,8
250,9
248,9
247,9
248,9
249,9
248,9
249,9
248,9
249,9
251,9
