800,150
796,154
793,157
790,158
786,160
784,161
786,161
784,163
778,167
774,171
770,173
764,177
766,177
760,179
757,179
752,184
751,185
749,186
745,189
743,191
738,193
736,194
737,193
736,193
732,198
735,197
731,200
729,203
729,203
728,204
727,205
724,208
721,210
720,211
719,211
717,211
716,214
714,216
710,216
704,221
703,222
699,223
697,225
698,226
693,230
693,230
688,233
683,236
678,241
677,240
670,245
670,247
669,247
665,252
660,253
652,256
645,261
644,263
638,266
636,268
635,270
632,271
627,274
621,280
617,282
614,284
611,286
606,289
602,291
602,292
598,295
599,295
596,296
593,300
592,299
590,300
590,300
587,300
580,307
576,310
574,313
570,315
570,313
569,314
567,313
565,316
564,316
560,318
559,320
558,322
559,321
561,320
557,321
557,319
553,320
546,324
546,322
546,319
544,320
543,321
543,318
539,323
538,324
534,327
528,331
526,332
521,333
521,331
516,338
517,338
514,341
513,341
511,342
512,341
510,343
508,343
508,342
505,344
504,349
499,354
497,354
496,359
492,361
492,359
490,359
490,358
488,356
486,360
486,356
482,360
480,363
479,364
480,363
478,366
476,365
471,368
467,370
463,372
460,375
458,376
457,379
456,383
459,380
458,382
452,386
451,385
449,387
453,384
453,384
452,385
450,390
446,395
446,396
443,398
439,403
437,404
437,406
433,407
430,410
429,411
429,412
429,412
428,412
425,416
424,416
419,421
417,422
415,423
414,426
414,426
416,425
411,431
410,432
407,435
409,437
410,439
408,439
410,437
410,436
408,440
405,442
406,441
409,435
407,437
408,438
405,438
404,442
398,447
395,449
393,451
392,453
390,455
391,453
392,452
392,454
391,452
393,452
392,452
391,455
393,454
393,452
390,453
393,452
391,451
388,455
388,455
388,455
389,455
390,457
386,460
383,461
379,465
377,466
376,465
376,465
378,464
378,462
373,466
369,470
373,470
370,473
366,478
365,480
361,485
357,490
355,492
355,493
356,490
355,492
353,494
353,494
350,496
349,498
349,500
346,503
344,504
344,502
344,500
343,499
341,504
340,507
340,510
338,513
339,515
340,514
339,515
337,517
331,522
330,526
329,529
328,532
327,533
324,536
322,540
319,544
319,547
320,547
318,549
312,555
311,558
310,561
308,564
309,563
309,564
309,564
309,565
308,566
306,569
302,573
298,577
297,578
294,581
292,585
293,584
293,583
291,584
292,583
290,586
290,587
290,587
288,590
289,590
289,591
287,593
284,598
283,601
283,601
282,604
281,605
282,605
282,607
284,605
279,610
276,612
277,612
276,615
276,615
273,620
271,620
269,622
269,622
273,621
273,621
272,622
273,620
271,621
271,620
268,625
268,626
269,627
266,629
265,630
266,630
265,630
266,629
265,631
264,630
260,633
257,636
257,637
256,639
253,643
252,644
249,648
247,653
245,655
246,655
243,658
242,658
238,662
238,663
239,663
239,663
238,664
234,666
236,663
234,665
233,666
233,667
234,666
234,666
233,668
232,669
231,671
229,674
230,673
229,674
227,675
226,675
227,673
225,676
225,676
223,678
223,677
222,677
220,678
219,681
217,685
218,686
216,690
211,694
209,696
207,699
207,700
206,702
206,703
205,704
204,705
206,704
208,703
208,703
205,705
203,708
204,709
205,706
205,705
204,707
203,708
201,711
202,710
200,712
197,714
194,718
194,719
194,720
192,723
191,724
189,727
186,731
186,734
185,736
182,741
182,741
183,740
185,739
183,741
183,741
184,738
182,741
182,743
182,742
186,738
187,737
186,738
186,738
186,738
184,740
182,742
181,743
179,746
181,746
180,748
179,749
180,750
179,751
179,751
179,751
175,756
172,760
170,764
168,765
162,771
163,772
163,774
160,776
159,776
161,774
160,775
157,779
154,782
154,782
152,786
151,787
151,787
149,789
152,787
150,790
148,793
149,793
149,793
149,793
147,795
145,800
147,798
148,797
147,800
146,801
144,803
142,804
140,807
138,808
137,809
134,813
133,813
131,817
130,819
128,821
127,823
127,823
126,824
125,826
125,825
126,824
125,825
125,825
127,824
125,827
125,828
124,829
124,830
123,833
123,833
123,833
121,834
118,837
118,837
117,837
118,836
116,838
113,843
115,840
116,838
114,840
111,844
112,844
112,844
110,846
109,847
109,847
109,848
108,850
106,853
105,854
104,855
103,856
103,857
102,858
100,861
97,865
98,864
97,866
96,867
95,868
95,869
94,870
92,872
91,874
90,875
91,874
88,877
87,878
86,879
86,880
86,880
85,881
85,881
82,884
82,884
82,884
82,884
81,885
80,886
79,887
78,888
78,888
79,887
78,888
77,889
77,889
77,889
77,890
75,890
75,891
74,892
74,893
74,893
73,895
72,895
71,896
71,896
70,897
70,898
68,901
66,903
66,903
65,904
64,905
64,907
64,908
63,909
63,909
62,910
62,910
61,913
61,914
60,915
59,916
60,915
58,917
58,918
57,920
57,920
56,921
56,922
56,922
54,924
54,924
54,925
53,926
52,927
53,925
52,928
52,928
52,928
52,928
52,927
53,928
52,929
52,929
51,930
50,931
48,932
48,932
47,933
43,937
42,938
42,938
42,938
42,938
42,938
41,939
41,940
41,940
41,940
40,942
40,942
40,942
41,942
41,942
41,942
41,942
41,942
41,942
40,943
40,943
41,942
41,942
42,941
42,941
42,941
42,943
41,944
40,945
40,945
40,945
40,945
40,945
41,944
41,944
41,944
41,944
41,944
41,944
41,944
41,944
41,944
41,943
41,943
41,943
41,943
40,944
40,945
40,945
40,945
39,946
38,947
36,949
35,950
35,950
35,950
35,950
36,949
36,949
36,950
36,950
36,950
35,952
35,952
35,952
35,952
35,952
35,952
35,952
35,952
35,952
35,952
35,952
34,953
34,953
34,953
34,953
34,954
35,953
35,954
35,954
34,955
34,955
34,956
34,956
34,956
36,954
37,953
37,953
37,953
37,953
36,956
36,956
35,957
35,957
34,958
35,958
34,959
34,959
34,959
34,959
34,959
32,961
32,961
32,961
30,963
30,963
30,963
29,964
29,964
28,965
28,965
28,965
28,966
28,966
28,966
28,966
27,967
26,968
26,968
26,968
25,969
25,969
25,969
25,969
24,970
24,970
24,971
23,973
24,972
24,972
24,972
23,973
22,974
22,974
22,974
21,975
21,975
21,975
21,975
20,976
20,976
21,975
21,975
21,975
21,975
21,975
20,976
20,976
20,976
19,977
18,978
18,978
18,978
18,978
18,978
18,978
18,978
18,978
18,978
18,978
18,978
18,978
18,978
18,978
18,978
18,978
18,978
18,978
18,978
18,978
18,978
18,978
18,978
18,978
17,979
17,979
17,979
16,980
16,980
16,980
16,980
16,981
16,981
16,981
16,981
16,981
15,982
15,982
16,981
16,981
16,981
16,981
16,981
16,981
16,981
16,981
16,981
16,981
16,981
16,981
16,981
15,982
13,984
13,984
13,984
13,984
13,984
13,984
13,984
13,984
13,984
13,984
13,984
13,984
13,984
13,984
