700,250
695,255
695,256
694,257
694,256
694,257
689,262
684,267
679,269
681,269
680,269
681,268
675,272
672,274
673,275
667,280
666,281
665,282
664,284
661,289
662,289
661,290
659,291
656,294
653,294
649,298
649,297
648,299
642,306
636,312
632,314
625,317
620,321
616,324
614,324
615,325
611,326
610,328
608,328
606,327
605,328
600,333
597,337
593,340
588,345
585,348
585,348
583,351
582,353
579,357
574,362
572,364
568,368
570,367
569,368
565,370
566,369
567,369
562,371
556,377
557,375
554,379
551,381
547,385
548,383
551,380
548,383
544,387
544,387
542,388
537,393
533,396
530,399
528,402
524,405
520,407
518,407
516,408
514,410
511,413
511,411
509,414
508,413
506,416
507,415
503,419
500,422
498,424
501,423
497,427
495,428
492,431
488,434
483,438
479,440
480,440
475,444
471,449
467,451
465,454
468,451
468,452
466,454
465,455
464,456
465,455
464,454
462,453
459,456
458,456
453,462
452,462
448,466
447,466
449,466
448,466
444,469
442,471
439,475
437,477
435,479
434,482
438,480
435,480
431,483
429,486
430,487
432,485
432,486
429,490
425,493
422,497
417,502
414,506
413,508
412,508
410,511
411,510
408,514
409,513
405,517
401,521
399,526
397,528
395,531
392,533
391,533
390,533
388,535
389,534
389,534
382,539
378,544
380,543
380,544
377,548
378,549
372,555
371,556
372,555
368,559
366,561
364,562
364,563
364,564
361,568
356,572
359,571
353,575
348,579
348,579
347,579
347,581
341,588
338,591
336,593
338,593
334,595
334,595
332,597
332,597
334,597
332,600
329,604
327,606
328,606
325,609
324,611
326,609
323,612
319,615
319,617
317,619
317,617
315,620
313,621
313,622
310,625
310,626
307,628
303,632
305,630
307,626
305,629
306,630
301,635
300,637
301,636
301,637
299,639
301,637
301,637
299,640
296,646
297,645
298,645
298,643
298,644
294,648
292,651
291,652
290,653
290,653
290,653
289,655
288,656
288,656
288,657
288,657
286,660
286,661
285,661
287,660
287,660
283,664
284,663
283,665
281,666
278,669
280,667
280,666
280,666
277,670
277,671
277,672
277,672
275,675
274,676
273,677
269,681
269,680
266,683
264,685
263,686
262,687
263,688
262,690
262,690
263,689
263,689
260,692
259,693
258,693
254,697
254,697
252,700
250,702
250,702
250,701
245,706
244,708
244,708
243,709
239,713
241,711
241,712
239,715
237,716
236,717
235,717
234,718
232,720
233,719
233,719
231,721
226,725
223,727
223,727
219,731
222,729
219,732
218,733
218,733
217,735
217,735
214,738
214,739
213,743
214,743
213,745
212,746
208,751
207,752
204,755
202,758
201,759
198,763
194,767
193,769
190,772
188,773
187,775
188,774
186,775
184,778
181,781
183,779
182,781
181,782
179,784
178,785
178,786
178,786
178,786
179,785
178,788
177,790
175,791
175,792
177,790
175,791
175,791
174,792
174,792
172,794
172,794
172,794
171,796
171,796
170,797
168,799
166,801
165,802
164,802
163,803
162,804
162,804
162,804
159,808
160,806
160,806
158,809
156,811
154,814
153,816
152,817
152,817
153,817
152,818
150,820
149,822
148,824
149,824
149,823
148,826
146,828
144,831
144,831
142,833
142,833
141,834
139,837
138,838
136,840
134,843
132,845
131,847
128,850
127,851
127,851
126,852
123,855
122,856
120,858
120,858
120,858
119,859
119,859
119,859
117,861
116,862
117,861
117,861
116,862
115,863
114,864
114,864
113,865
110,869
110,869
109,870
108,871
107,872
108,872
106,874
108,873
106,875
105,876
105,877
107,876
107,876
107,876
109,874
110,873
110,873
111,872
110,873
110,873
109,875
108,876
107,877
105,880
102,883
103,882
101,884
101,884
102,884
102,884
101,885
100,886
99,887
98,888
97,889
97,889
96,890
97,890
95,892
94,892
94,893
92,895
91,896
92,895
89,898
87,900
87,900
87,901
87,901
87,901
87,901
86,902
85,903
84,905
84,905
84,905
83,906
82,907
81,908
77,912
79,910
80,909
80,909
80,909
79,910
80,909
79,910
79,911
79,911
77,913
77,913
77,913
75,915
75,915
73,917
73,917
71,919
72,918
71,919
70,920
69,922
69,922
69,922
69,922
70,922
72,920
71,921
72,921
70,923
68,925
66,927
65,927
65,927
63,929
63,929
64,928
64,928
65,927
66,926
65,927
65,927
63,929
61,931
62,930
60,932
60,932
59,934
59,934
60,933
59,934
59,934
58,935
59,934
59,934
58,935
58,935
58,935
57,936
57,938
57,938
57,938
55,940
55,940
55,940
54,941
53,942
54,941
54,941
54,941
54,941
52,943
52,943
54,941
54,941
53,942
53,942
54,941
54,942
54,942
54,942
53,944
53,944
52,945
51,946
51,946
48,949
47,950
47,950
47,950
47,950
47,950
46,951
46,951
45,952
44,953
44,953
42,955
41,956
41,956
41,956
41,956
42,955
42,955
42,955
42,955
42,955
42,955
42,955
42,955
41,956
41,956
41,956
41,956
41,956
40,957
39,958
39,958
38,959
38,959
38,959
37,960
36,961
37,960
36,961
37,960
37,960
37,960
37,960
37,960
36,961
36,961
36,961
36,961
36,961
36,961
36,961
35,962
36,961
36,961
36,961
36,961
35,962
35,962
35,962
35,962
35,963
35,963
36,962
36,962
36,962
35,963
35,963
34,964
34,964
33,965
33,965
34,964
34,964
33,965
33,965
34,964
33,965
31,967
30,968
30,968
30,968
30,968
29,969
28,970
28,970
28,970
28,970
28,970
28,970
28,970
28,970
28,970
28,970
28,970
28,970
26,972
26,972
27,971
27,971
27,971
27,971
27,971
27,971
27,972
27,972
26,973
26,973
26,973
25,974
25,974
25,974
25,974
25,974
25,974
26,973
25,974
25,974
25,974
23,976
23,976
23,976
23,976
23,976
23,976
23,976
23,976
23,976
23,976
22,977
22,977
23,976
23,976
23,976
24,975
24,975
24,975
24,975
24,975
26,973
27,972
27,972
26,973
26,973
26,973
27,972
27,972
27,972
27,972
27,972
27,972
27,972
27,972
27,972
27,972
27,972
27,972
26,973
26,973
25,975
25,975
25,975
24,976
24,976
24,976
24,976
24,976
24,976
24,976
23,977
22,978
22,978
22,978
22,978
21,979
21,979
21,979
20,980
17,983
16,984
16,984
17,983
17,983
17,983
17,983
17,983
17,983
17,983
17,983
16,984
16,984
16,984
16,984
16,984
16,984
15,985
15,985
15,985
15,985
14,986
14,986
14,986
13,987
12,988
12,988
12,988
12,988
12,988
12,988
12,988
12,988
12,988
12,988
12,988
12,988
12,988
12,988
10,990
10,990
10,990
10,990
10,990
9,991
8,992
8,992
8,992
8,992
8,992
8,992
8,992
8,992
8,992
7,993
7,993
7,993
7,993
7,993
7,993
6,994
7,993
6,994
6,994
5,995
5,995
5,995
5,995
5,995
5,995
5,995
5,995
5,995
5,995
5,995
5,995
5,995
5,995
5,995
5,995
5,995
