700,50
698,52
694,53
689,53
684,54
679,57
676,56
673,55
673,54
668,54
667,55
664,55
659,55
658,55
656,55
652,55
647,54
648,55
645,54
641,53
636,53
633,53
633,54
631,54
632,52
629,53
625,53
626,52
625,51
627,51
626,49
622,50
617,51
612,52
609,53
608,53
605,52
604,51
600,53
602,52
597,52
596,53
596,53
593,54
589,54
586,54
582,54
581,53
581,52
574,52
573,51
571,50
573,50
571,51
568,52
565,51
562,51
560,50
560,50
562,51
563,51
563,50
559,49
559,48
554,49
548,50
548,50
549,50
545,50
544,50
539,50
537,50
532,50
532,50
529,51
528,53
527,53
527,53
522,53
519,53
518,54
517,54
517,54
516,54
514,54
515,54
510,54
508,54
511,54
507,55
508,55
508,55
505,55
504,55
500,55
500,55
498,55
492,56
493,57
490,59
486,59
481,60
477,60
475,60
475,58
477,56
476,57
472,55
469,55
467,57
464,57
462,57
462,57
461,57
463,56
461,55
459,57
458,57
459,56
458,55
455,55
454,56
452,56
449,56
448,54
443,54
442,54
436,54
431,54
428,55
428,54
426,53
427,54
425,55
424,56
421,57
418,58
417,58
414,59
416,59
415,59
415,58
413,58
411,60
410,59
408,62
411,62
407,63
403,63
401,64
399,63
401,63
401,61
403,59
402,59
402,58
402,58
399,58
395,59
395,59
394,59
392,60
388,62
390,61
390,60
392,60
389,60
387,61
383,60
381,59
384,59
383,59
383,59
384,60
386,61
386,58
383,59
379,59
376,62
372,63
371,63
371,62
370,63
368,62
367,62
368,62
368,61
372,60
373,60
373,60
370,60
370,61
366,63
368,61
367,60
368,61
365,62
362,63
358,62
354,64
350,65
346,65
344,65
343,64
341,66
343,66
338,65
335,64
337,64
338,64
338,65
336,65
336,65
337,64
340,63
336,62
334,62
329,62
330,61
327,62
326,62
322,63
316,61
317,61
320,62
320,62
315,62
316,63
316,60
315,60
313,61
313,59
312,60
313,59
312,58
311,58
312,58
310,57
309,57
305,56
304,56
305,56
306,57
309,57
311,58
312,58
308,58
304,59
305,59
305,58
304,58
308,58
308,57
307,56
310,56
315,56
313,56
313,55
313,56
316,55
313,56
314,56
316,53
314,54
313,53
315,52
312,53
308,52
312,51
314,50
312,50
308,51
307,51
308,50
308,50
308,50
309,50
310,50
311,49
314,49
314,50
314,50
312,50
311,49
310,49
312,50
309,51
312,50
310,50
310,48
311,47
309,46
307,45
306,47
306,47
306,47
306,47
305,46
306,47
309,47
309,47
306,47
304,46
299,47
300,47
300,47
300,46
299,44
298,44
297,44
298,43
299,44
299,43
296,43
296,43
296,42
292,42
293,43
293,42
294,41
293,41
290,41
292,41
294,40
293,40
292,41
290,40
288,41
290,41
288,40
285,40
283,40
280,40
281,40
285,40
284,40
283,40
286,41
287,41
285,41
282,42
280,42
279,42
280,40
281,40
281,39
282,39
278,38
276,38
280,38
282,37
282,37
282,36
283,36
283,36
284,37
289,37
290,37
289,39
286,39
284,40
279,40
278,40
280,40
281,39
281,37
281,37
283,36
285,35
281,35
279,35
274,35
275,35
275,35
275,36
275,36
274,37
273,36
274,35
276,33
275,33
280,33
282,32
282,31
280,31
279,31
278,31
280,31
279,31
282,30
281,28
279,28
281,28
281,28
278,28
276,28
277,28
275,28
278,27
279,26
281,26
282,26
284,25
284,26
284,26
282,26
281,25
279,24
279,24
281,24
282,24
279,24
279,23
282,24
283,24
285,25
286,25
285,25
281,25
281,26
279,26
280,25
284,24
283,24
284,24
283,24
282,25
281,24
279,24
279,23
282,23
286,23
289,23
290,23
290,23
291,22
291,22
290,21
287,21
290,21
288,21
289,21
291,21
291,21
290,22
289,21
291,22
291,21
291,21
292,21
291,21
293,21
292,21
289,21
290,21
288,21
285,21
283,21
280,21
282,21
281,21
281,20
283,20
283,20
280,20
277,21
278,22
277,22
273,22
270,22
272,22
271,21
269,21
273,21
272,21
268,21
271,21
275,21
277,20
276,20
275,20
274,20
272,18
272,18
271,18
273,18
274,17
272,17
271,17
274,17
276,16
276,16
273,16
272,16
267,16
266,16
269,15
270,15
271,15
268,15
270,14
271,14
270,14
271,14
269,14
269,13
270,13
269,13
269,12
269,12
265,12
266,12
266,12
267,12
268,13
269,13
267,13
270,14
271,14
271,14
268,15
268,16
267,16
268,15
268,15
269,14
268,14
264,14
267,14
265,14
267,14
264,13
268,13
272,13
271,13
272,13
270,14
265,13
264,13
263,13
261,13
261,13
261,13
261,13
261,13
265,13
266,13
268,13
267,12
267,12
267,12
270,12
268,12
266,12
267,12
265,12
262,11
259,11
260,11
264,11
262,11
262,11
265,11
262,11
264,11
264,11
263,11
260,11
262,11
259,11
256,11
255,11
259,10
256,10
257,10
256,10
258,10
260,10
261,10
263,9
261,9
263,9
263,9
263,8
262,8
262,8
261,7
261,7
260,7
263,8
264,8
267,8
269,8
266,8
265,8
267,8
267,8
268,9
270,9
270,9
268,9
267,9
269,9
271,9
271,8
270,7
271,7
272,7
271,7
269,6
269,6
270,4
271,4
269,4
269,4
271,4
270,4
272,4
274,4
273,4
271,3
268,3
269,3
268,3
268,3
267,3
263,3
262,2
257,2
257,2
260,2
258,2
258,2
256,2
255,2
257,2
255,2
255,2
253,2
256,2
254,2
247,2
246,2
245,2
244,2
244,2
243,2
240,2
242,2
244,2
242,2
242,2
242,2
241,2
242,2
246,2
246,2
247,2
245,2
242,2
239,2
240,2
240,2
240,2
240,2
239,2
240,2
240,2
238,2
237,2
240,2
240,2
238,2
236,2
237,2
235,2
236,2
238,2
242,2
245,1
246,1
249,1
248,1
249,1
251,1
249,1
248,1
248,1
250,1
251,1
251,1
249,1
249,1
250,1
251,1
248,1
251,1
256,1
255,1
255,1
254,1
255,1
253,1
252,1
256,1
257,1
256,1
255,1
257,1
256,1
255,1
258,1
257,1
256,1
258,1
260,1
257,1
259,1
257,1
255,1
256,1
256,1
256,1
258,1
259,1
255,1
256,1
257,1
256,1
257,1
258,1
258,1
258,1
256,1
255,1
256,1
258,1
262,1
259,1
260,1
259,1
258,1
262,1
261,1
262,1
263,1
265,1
260,1
256,1
257,1
259,1
259,1
263,1
265,1
266,1
263,1
262,1
266,1
265,1
263,1
262,1
262,1
266,1
266,1
266,1
269,1
268,1
268,1
271,1
269,1
271,1
272,1
274,1
275,1
275,1
278,1
279,1
279,1
279,1
278,1
277,1
274,1
273,1
279,1
280,1
278,1
282,1
283,1
283,1
285,1
287,1
288,1
291,1
290,1
288,1
291,1
292,1
289,1
289,1
287,1
287,1
