50,50
41,59
42,60
46,59
46,60
46,60
49,59
51,59
49,60
50,61
49,61
53,61
56,60
58,59
58,58
59,58
62,59
62,59
64,59
66,59
67,59
68,60
66,59
66,59
68,60
69,60
69,62
71,61
72,60
73,61
74,61
77,60
77,64
79,63
81,63
80,62
80,63
83,63
84,62
85,63
89,63
92,62
96,60
98,59
101,60
102,58
101,57
104,57
102,57
102,58
105,58
106,59
107,59
110,57
107,57
107,55
107,55
108,56
110,56
111,57
115,56
113,56
112,56
113,56
118,56
119,55
119,56
123,56
124,58
126,57
125,56
125,57
126,58
124,59
124,61
129,61
132,58
132,56
134,56
135,55
134,55
134,56
135,57
134,58
133,59
133,59
136,59
138,60
137,58
137,58
138,60
139,59
141,60
143,61
147,62
147,61
146,61
148,61
148,60
150,60
149,60
