50,100
42,108
44,109
44,110
44,112
44,116
46,115
47,118
51,118
52,118
54,119
55,117
56,117
57,121
57,123
58,124
58,128
59,130
63,131
65,132
67,128
68,126
71,124
72,125
71,122
70,122
73,121
76,122
75,123
77,125
77,125
79,125
80,122
81,122
80,123
79,123
81,123
82,124
84,122
86,123
89,121
94,122
95,122
96,122
95,120
94,119
96,118
98,114
97,115
96,116
98,117
99,118
103,119
101,122
102,122
102,122
101,123
101,122
101,122
103,123
104,124
104,126
106,126
110,126
109,128
107,129
105,130
102,130
103,132
108,132
110,133
111,134
111,132
113,130
112,130
114,133
117,132
120,133
120,137
121,137
120,132
121,133
121,134
124,135
122,137
125,136
127,135
127,134
126,134
126,135
128,136
126,136
128,134
128,132
129,129
128,128
126,129
126,131
124,130
124,130
123,127
