600,200
594,206
590,209
588,210
586,211
583,213
582,210
579,211
577,212
580,211
576,214
575,216
573,215
570,216
568,218
567,223
563,224
563,224
563,224
560,226
558,225
560,224
559,227
558,227
553,229
548,234
546,233
546,232
547,230
548,229
550,229
546,229
543,230
540,231
538,230
541,228
539,228
537,226
536,226
537,224
533,228
532,228
530,228
527,229
526,229
521,234
523,234
525,230
525,233
523,230
520,229
517,234
515,237
516,238
514,238
513,239
509,241
506,244
501,246
502,248
504,251
501,253
498,254
496,255
496,259
494,260
492,263
490,267
491,266
488,269
488,270
481,274
479,274
475,277
472,276
472,277
472,275
470,273
467,274
466,276
464,276
464,276
464,276
462,277
464,278
464,279
462,278
464,275
464,273
462,275
457,279
456,279
456,278
452,278
450,278
449,281
445,283
440,283
442,281
438,287
439,287
