400,400
390,410
386,414
380,416
378,419
377,421
373,427
373,427
369,431
364,434
361,436
361,438
362,439
359,439
355,443
355,443
352,446
350,447
346,451
346,449
342,455
343,454
343,452
345,452
342,457
336,461
333,465
331,467
329,471
326,474
326,475
325,479
324,480
324,480
324,481
320,485
319,491
317,492
316,495
314,496
312,498
310,500
311,502
306,508
301,514
299,516
299,517
297,520
298,520
297,519
297,523
293,528
295,528
295,529
295,529
297,527
293,529
295,527
294,528
292,530
290,533
288,533
287,535
288,535
285,539
285,539
284,541
283,543
282,544
277,548
276,550
273,553
275,550
274,553
273,552
273,553
270,555
270,553
269,554
269,553
268,552
267,555
266,556
268,556
268,555
269,556
270,553
272,553
270,556
271,556
270,555
268,558
265,563
263,565
258,568
259,568
260,567
257,571
254,573
254,570
252,571
