50,150
41,159
40,162
43,164
46,166
49,167
51,167
53,166
56,164
56,164
58,167
61,170
63,172
65,172
65,171
68,173
70,171
73,171
75,171
75,171
77,173
77,173
77,175
76,176
77,176
75,177
76,178
75,180
78,179
81,183
85,185
86,186
88,186
90,183
92,185
94,185
92,185
95,185
98,187
98,189
100,188
101,186
101,186
101,191
101,193
100,196
103,199
103,198
105,199
106,203
107,203
106,203
107,204
106,207
104,209
106,207
107,205
107,206
109,206
110,207
111,207
112,208
112,208
112,209
115,207
116,209
114,210
116,213
119,214
120,212
118,215
118,217
118,217
116,217
118,218
119,216
120,214
122,215
123,218
123,219
123,218
123,218
123,220
126,222
127,225
127,228
125,231
126,233
123,234
123,239
123,238
126,237
128,237
127,239
127,241
129,243
131,247
130,248
133,251
133,252
133,253
