50,250
40,260
41,263
43,263
44,269
44,277
46,282
47,286
49,287
50,291
50,298
53,301
56,302
56,306
58,309
58,311
59,315
60,318
62,319
60,324
60,329
60,330
63,331
65,332
65,334
67,336
67,340
66,340
66,343
66,343
67,347
68,351
68,355
70,356
69,359
71,358
72,359
71,362
68,368
70,370
70,376
71,379
70,385
72,389
74,389
80,389
81,391
84,391
84,395
83,395
84,399
84,400
86,403
87,402
87,405
87,407
87,413
88,416
90,415
90,421
90,421
92,423
90,425
90,425
87,430
87,435
87,435
87,437
87,438
88,442
88,443
88,444
88,448
88,449
88,448
88,453
90,452
92,451
89,454
89,454
89,453
89,453
90,456
89,459
90,461
91,465
92,467
92,468
91,467
90,469
90,475
88,478
88,479
91,481
90,485
90,487
90,490
89,492
87,494
86,500
86,503
