50,350
40,360
41,363
44,364
44,366
44,371
44,375
44,379
44,380
44,382
45,384
45,390
44,396
44,400
44,401
44,407
43,412
44,414
43,420
42,425
42,429
42,435
42,438
42,441
42,445
43,446
43,450
45,455
45,458
46,462
45,469
47,470
47,469
48,470
48,474
48,475
47,481
46,487
45,493
48,496
48,501
48,504
51,505
52,507
52,513
51,517
51,521
52,524
52,526
52,529
51,532
49,535
49,541
48,546
45,552
45,555
46,557
46,562
46,564
46,568
47,572
46,575
46,578
46,578
46,579
48,583
47,585
48,585
49,589
48,591
47,592
47,592
47,595
47,601
47,605
48,604
48,607
50,608
50,614
49,617
48,621
47,624
47,626
47,629
48,632
48,633
47,638
47,641
47,642
46,645
46,649
46,649
47,651
46,653
46,656
46,659
47,660
47,662
47,661
48,659
48,663
