400,200
395,205
392,204
394,204
393,205
393,206
389,209
387,208
382,213
377,216
379,213
376,216
376,214
375,217
378,215
377,213
373,214
371,218
372,220
374,218
377,216
380,215
381,217
381,215
379,215
380,215
381,216
385,216
383,217
382,219
384,217
384,217
382,220
379,218
382,219
381,221
383,220
384,222
380,221
381,223
381,224
383,223
381,222
380,221
374,220
375,221
378,220
378,220
377,223
379,223
379,224
379,225
384,222
380,222
378,221
374,225
372,227
373,229
374,232
371,234
370,236
372,235
366,238
368,236
365,236
362,235
363,235
362,234
364,235
362,236
359,239
358,243
354,245
355,244
353,245
351,244
352,246
351,245
349,247
350,247
350,247
345,251
342,252
340,255
341,253
346,250
344,251
341,253
340,254
337,256
339,257
339,256
339,258
338,254
337,254
335,256
334,257
331,262
333,264
331,264
329,265
