900,50
898,52
899,52
897,53
894,54
890,56
888,58
885,59
882,60
880,60
879,60
877,61
873,59
870,60
869,61
865,62
862,64
861,66
858,66
859,65
861,65
862,64
859,67
860,67
861,68
861,69
858,69
858,69
859,68
857,67
856,68
853,70
851,70
849,69
848,70
847,71
845,72
844,72
841,72
839,72
836,72
831,72
830,72
825,74
825,73
826,75
824,76
821,77
818,79
818,79
813,81
810,81
806,82
802,82
801,82
799,80
797,80
792,80
789,80
790,79
786,79
786,77
786,77
785,76
778,78
774,81
771,83
769,83
767,81
765,81
765,81
764,81
761,82
761,80
759,81
756,81
751,83
750,84
745,86
744,84
741,84
740,85
737,86
735,86
733,86
730,87
726,88
726,88
725,86
723,88
722,86
722,84
718,86
715,88
716,86
716,85
715,85
711,85
709,85
705,85
699,86
