800,150
795,155
794,155
790,157
788,159
787,159
786,159
781,161
778,163
776,164
774,163
771,166
769,169
766,171
762,176
762,176
760,178
759,181
755,184
757,182
755,183
756,182
752,183
751,184
751,184
752,183
750,184
752,182
752,182
753,179
754,175
750,180
748,183
745,188
741,189
738,190
734,194
733,195
729,198
729,198
729,198
721,201
716,204
712,206
707,208
703,211
702,212
698,216
695,217
696,215
692,216
688,221
683,222
682,225
682,223
684,221
685,221
687,219
685,221
683,224
679,227
673,232
671,236
670,235
667,237
663,241
666,238
662,241
662,243
661,243
658,247
655,249
652,249
650,252
646,255
644,257
641,261
641,261
640,263
637,267
638,263
634,265
632,266
634,263
633,262
629,264
626,267
625,266
622,268
621,270
620,271
619,273
618,273
619,270
619,271
620,268
621,266
620,265
620,264
618,262
614,265
