700,250
694,256
690,261
687,263
683,267
682,269
680,271
677,272
674,275
672,277
670,279
668,282
664,285
661,286
659,289
655,292
656,292
655,291
653,292
653,290
652,291
648,294
651,293
651,294
650,295
651,295
648,297
645,300
644,302
643,302
642,303
639,305
637,309
633,313
627,319
628,319
625,321
623,322
619,327
617,329
611,333
606,337
604,338
604,339
602,339
599,342
593,348
591,349
589,350
585,351
581,353
583,351
581,351
578,355
576,355
571,360
572,360
570,361
567,363
561,368
558,370
557,372
556,373
552,377
547,381
544,383
546,381
549,380
547,383
543,386
537,390
535,392
534,393
532,395
526,396
525,398
523,400
523,399
519,404
514,409
513,409
514,408
509,412
507,412
504,414
505,412
500,416
498,418
496,418
491,423
487,427
486,426
481,432
479,433
473,438
473,441
468,444
466,448
462,451
460,453
460,454
