700,50
700,50
696,50
696,51
696,50
696,49
695,49
693,49
687,49
682,49
681,49
683,48
680,49
680,48
676,48
672,48
672,49
667,51
667,52
664,50
662,51
658,51
657,50
655,49
653,48
650,48
650,49
647,48
646,49
644,48
643,48
642,45
635,46
635,46
636,46
638,46
635,46
632,45
627,46
624,45
625,45
624,44
625,44
621,44
615,45
613,46
608,46
605,47
600,46
594,47
593,47
596,46
593,46
590,47
589,48
586,48
583,50
582,47
575,47
570,49
567,48
565,48
561,49
557,48
556,48
554,47
554,46
552,46
553,46
551,46
547,46
545,45
544,44
543,44
543,43
539,44
539,45
534,45
534,45
536,45
533,47
528,47
525,47
521,47
520,47
521,47
519,50
517,50
520,49
521,49
522,51
519,51
519,52
516,53
514,55
511,57
511,55
511,55
509,55
506,55
503,55
