50,50
44,56
46,56
50,56
51,56
53,57
54,57
56,56
57,59
57,60
60,59
62,59
62,60
61,61
62,63
62,63
63,62
64,62
65,62
65,61
66,62
71,60
73,61
75,60
77,61
80,61
81,61
84,62
85,63
83,63
85,63
86,66
87,66
87,64
90,65
91,64
93,63
96,63
97,62
98,63
101,62
103,61
103,62
105,59
106,59
110,60
112,59
111,60
111,59
112,60
113,61
117,61
118,61
117,60
118,60
119,59
122,59
126,59
127,59
129,58
129,59
134,58
133,57
133,57
135,56
138,55
139,54
140,54
141,54
139,55
143,56
145,55
148,54
148,53
148,52
149,52
153,52
154,53
152,54
152,55
154,57
154,57
157,56
157,57
160,58
160,57
160,58
163,57
163,57
168,57
168,58
171,57
171,57
176,56
174,58
177,59
181,58
185,58
182,58
185,57
184,57
187,58
188,60
191,60
192,60
194,59
197,61
198,59
201,58
202,59
201,60
200,60
200,59
201,60
203,60
204,60
205,60
210,60
209,59
210,58
211,57
213,57
215,57
216,55
215,55
214,55
213,55
216,55
218,55
218,55
217,55
217,55
218,56
221,57
219,57
219,57
218,56
218,54
217,55
220,54
222,53
222,52
221,53
221,53
226,53
226,52
227,52
231,52
227,51
225,50
225,50
224,51
222,52
222,50
222,50
224,50
222,50
223,51
222,50
223,48
226,48
224,48
227,47
229,47
229,46
229,46
228,46
227,46
228,46
227,45
231,43
233,44
234,44
235,44
236,45
236,45
236,45
237,44
238,45
236,47
240,47
241,45
242,45
245,45
243,45
242,45
245,45
248,45
251,44
250,45
253,45
250,43
251,44
250,44
254,44
253,44
257,44
257,43
252,42
252,42
250,41
252,40
252,40
253,40
255,40
254,40
254,40
254,40
254,40
252,40
251,39
251,40
250,40
252,40
254,40
254,38
252,37
254,37
251,37
251,37
254,37
251,37
250,37
250,38
247,37
250,37
252,38
254,39
255,38
259,37
261,37
258,37
255,37
256,37
255,38
255,37
254,37
251,37
251,37
252,37
250,36
250,35
253,34
252,35
251,35
252,35
252,36
256,36
257,37
258,37
258,36
259,36
262,35
263,35
265,36
262,36
263,37
262,37
263,37
259,37
260,37
260,37
260,37
260,37
260,36
262,34
262,34
261,34
264,32
266,32
269,32
269,33
268,33
269,33
270,31
269,31
271,31
269,31
268,29
268,29
272,29
269,28
270,28
270,28
268,29
269,29
270,29
270,28
267,30
266,30
266,30
265,29
268,29
270,29
270,29
267,29
267,29
268,29
267,29
265,27
262,26
264,26
265,25
261,25
260,25
261,25
261,25
259,26
257,27
258,27
258,26
259,27
258,28
260,27
262,27
261,28
261,28
260,28
261,26
261,26
263,26
261,26
260,25
258,25
259,26
258,25
259,25
254,25
256,25
258,24
260,23
261,23
259,21
261,21
265,21
268,21
271,21
270,21
271,19
272,19
272,19
271,19
273,19
270,20
272,20
270,18
270,18
270,18
269,18
269,18
268,19
268,19
268,19
268,19
266,19
266,19
266,18
262,18
263,19
264,19
264,19
263,19
264,19
267,19
267,19
267,17
264,17
264,17
260,17
261,17
262,17
262,17
261,17
260,17
262,17
257,17
256,17
255,17
257,17
258,16
259,16
259,16
257,16
256,16
254,15
249,15
248,15
247,15
248,15
244,15
243,15
247,15
248,14
247,14
249,14
248,14
245,14
242,14
243,14
242,14
244,14
246,14
246,14
246,14
243,15
241,14
241,14
236,14
234,14
230,14
229,14
229,13
228,13
230,13
229,12
229,11
233,11
234,11
232,11
232,10
232,10
234,10
231,10
233,10
232,10
232,10
233,10
233,10
230,10
227,10
228,9
227,9
227,9
230,9
235,9
236,9
237,9
243,9
243,10
245,10
246,10
248,10
246,10
244,10
241,10
242,10
239,10
240,10
243,10
243,10
243,10
241,10
241,10
241,10
241,10
241,11
238,11
239,11
242,11
242,11
243,11
244,11
243,11
242,11
243,11
241,11
240,11
238,11
239,11
238,11
240,11
239,11
239,11
238,11
240,11
242,11
243,11
244,11
247,11
250,10
248,11
250,11
253,11
253,11
252,11
252,11
250,10
247,10
247,10
249,10
248,10
249,9
248,9
247,9
249,9
247,9
246,9
248,9
247,9
248,9
247,8
249,8
249,8
249,6
247,5
247,5
246,5
248,5
250,5
251,5
249,5
246,5
248,5
249,5
249,5
252,5
250,5
248,5
247,5
245,5
248,5
247,5
248,5
248,5
247,5
251,5
252,5
253,5
252,5
251,5
252,5
249,5
247,5
246,5
247,5
248,5
248,5
250,5
249,5
251,5
255,5
255,5
256,5
258,5
260,5
262,4
261,4
262,4
262,4
261,4
261,4
261,4
262,4
262,4
263,4
267,4
266,4
269,4
269,4
268,4
266,4
269,4
270,2
269,2
270,2
267,1
264,1
262,1
263,1
267,1
269,1
272,1
273,1
274,1
276,1
277,1
