50,100
40,110
42,113
42,114
43,116
44,117
44,119
45,122
45,126
48,126
53,126
53,127
55,128
56,128
56,131
58,133
58,135
58,135
58,137
57,142
60,140
62,141
64,138
65,141
67,140
67,142
69,143
71,140
74,140
74,139
74,140
75,139
74,140
75,140
78,139
79,137
80,138
80,139
79,140
80,144
81,145
83,144
82,143
84,142
86,141
90,141
90,141
92,142
92,142
94,144
96,147
96,148
97,151
97,152
98,154
99,156
100,156
101,157
103,156
103,157
106,158
107,157
111,156
112,158
110,160
111,160
112,159
113,159
112,158
112,159
113,155
111,155
110,155
111,155
113,156
114,158
116,159
119,160
120,159
120,159
118,160
116,161
115,160
114,162
116,163
120,161
123,160
128,159
132,159
133,157
135,158
132,159
132,159
133,160
132,159
134,157
138,158
137,159
139,159
138,157
139,156
140,159
141,159
142,160
145,159
143,159
142,159
142,160
143,160
143,158
144,159
142,161
142,164
145,164
144,164
147,165
146,163
149,162
149,159
149,157
152,158
153,156
155,156
155,155
159,153
159,155
163,154
162,154
162,153
162,156
163,156
163,158
162,159
164,159
166,156
168,154
167,155
167,158
172,158
170,161
171,160
173,161
174,160
170,160
174,160
174,162
176,161
176,160
178,160
176,159
175,159
181,158
181,157
180,156
182,158
182,160
183,162
184,161
184,164
183,167
183,168
184,168
186,169
187,170
187,168
186,168
184,169
184,169
185,171
188,172
188,172
191,169
191,169
191,168
191,167
192,167
191,166
194,168
192,166
193,168
195,168
195,168
198,168
198,164
201,164
204,167
203,168
201,171
200,171
200,172
203,172
204,173
206,177
205,178
205,181
205,182
210,181
211,183
213,184
213,180
213,179
212,177
212,178
214,179
214,180
214,182
213,182
214,179
216,177
216,181
214,183
213,184
211,183
211,179
212,177
215,176
215,177
213,176
215,176
219,176
222,177
224,176
226,173
229,173
228,177
227,179
226,183
227,184
229,186
228,186
231,183
233,183
234,179
231,179
233,180
236,179
236,177
234,179
232,181
230,178
229,178
228,177
229,177
229,177
232,176
236,174
232,174
230,177
232,178
229,178
230,177
228,178
226,181
229,183
229,186
229,186
231,184
227,185
225,185
225,187
225,187
226,185
228,187
229,186
232,185
236,184
234,186
237,185
239,187
242,189
239,189
239,191
241,192
243,188
243,190
241,192
242,194
240,195
243,192
243,193
242,194
241,194
242,191
242,190
242,191
242,190
246,191
247,192
249,191
248,191
251,189
250,190
246,191
246,191
246,191
244,192
243,192
238,193
240,192
236,195
237,194
240,192
242,189
241,188
242,188
243,188
245,189
245,187
248,187
247,190
249,191
249,188
253,190
252,191
255,195
256,194
257,194
256,191
259,191
255,193
256,193
256,193
256,190
252,190
251,190
250,195
249,195
251,197
249,197
247,197
248,196
248,193
248,193
243,195
246,196
247,193
246,197
244,196
244,197
245,195
243,194
243,195
240,196
236,197
234,196
235,194
233,197
232,197
231,196
232,195
232,194
230,195
228,197
226,199
229,198
231,198
231,201
234,198
238,197
238,198
236,201
234,197
237,195
234,195
235,196
237,196
235,196
233,200
234,200
236,201
236,201
237,199
234,200
235,199
237,200
239,200
243,200
244,200
248,198
247,197
247,200
250,199
253,200
251,199
251,201
252,198
249,199
251,202
249,202
252,200
252,202
252,200
253,198
253,198
255,198
259,196
258,196
258,196
255,196
253,195
256,192
258,193
255,194
256,193
255,194
258,192
256,191
253,192
256,192
252,193
252,192
250,195
248,198
249,198
250,198
250,196
252,197
254,196
255,195
258,193
261,188
262,188
261,188
262,189
258,189
260,190
259,189
256,188
253,187
251,188
254,188
255,187
257,186
256,185
258,182
258,182
256,184
255,186
252,188
252,189
253,190
252,187
249,190
250,190
253,190
252,190
250,191
250,189
250,189
249,190
253,191
253,192
257,191
257,190
254,189
252,191
253,192
257,191
258,191
258,192
263,188
262,191
266,190
268,190
267,189
266,189
269,188
269,187
268,188
270,190
269,190
267,189
271,186
268,188
270,186
270,185
272,186
272,186
272,183
270,184
273,186
272,186
273,189
274,191
272,193
270,196
272,199
270,201
273,201
273,200
272,200
272,198
271,197
270,198
270,198
268,200
270,201
271,202
272,201
271,204
273,203
272,201
275,201
274,198
270,199
269,198
270,200
269,200
267,200
264,201
266,201
263,202
264,201
263,203
266,202
267,205
265,205
264,207
263,207
265,204
268,204
266,206
268,208
270,211
269,212
268,211
267,212
268,215
265,220
263,224
263,225
265,227
262,226
264,227
269,225
269,225
271,223
274,221
278,220
276,222
278,221
274,221
278,221
278,223
276,222
276,220
277,222
280,221
280,220
277,219
277,219
274,218
275,216
272,218
272,218
268,217
270,219
268,219
267,220
265,221
265,223
264,223
264,224
267,227
267,230
268,229
267,226
264,226
266,228
265,229
262,230
263,231
265,231
266,233
263,233
261,235
262,234
262,234
264,233
264,230
268,227
268,223
271,224
273,223
271,224
273,222
274,218
273,218
277,215
276,219
276,219
277,214
274,215
274,212
272,216
269,217
268,215
268,218
267,218
266,218
264,218
263,218
263,221
263,220
260,219
258,221
258,218
259,216
260,214
257,215
257,213
256,214
256,214
260,211
259,210
259,211
257,214
256,215
255,216
254,217
255,216
257,213
260,215
258,219
256,218
257,217
256,215
257,215
261,212
263,209
262,208
262,206
262,207
263,210
265,206
263,206
260,205
257,206
259,205
257,207
255,209
256,209
259,206
261,204
258,207
259,208
255,209
254,205
255,205
259,202
259,202
258,200
258,199
260,199
260,200
263,197
268,196
266,195
260,193
255,194
256,195
253,197
254,199
253,198
251,198
251,199
255,198
255,201
253,203
255,202
253,202
254,202
254,201
252,202
254,201
253,202
253,202
257,201
258,203
255,203
254,203
256,201
256,203
254,206
257,205
257,208
255,208
255,208
258,205
257,204
259,204
260,203
257,205
255,208
254,207
251,209
252,208
252,210
251,210
253,212
250,214
246,215
248,217
248,218
247,218
246,218
244,219
243,219
245,218
246,218
246,218
246,216
246,215
246,214
244,216
244,219
244,215
239,217
236,220
239,219
239,220
239,219
239,220
236,222
237,223
235,224
235,222
234,221
235,220
233,222
232,222
231,223
232,223
229,226
226,228
228,229
228,230
228,230
231,229
231,229
229,233
227,234
230,230
232,229
231,228
231,228
231,227
234,221
232,219
233,222
233,224
233,227
233,229
236,229
235,226
235,228
237,226
235,229
236,228
237,227
238,228
236,230
236,228
234,232
232,232
233,230
235,228
238,229
236,231
234,233
235,231
238,230
239,228
241,230
242,232
243,231
240,230
240,230
241,230
240,231
241,227
239,227
242,227
243,225
242,227
242,230
244,229
242,230
240,231
241,229
240,231
239,231
239,232
239,231
238,231
239,233
240,233
237,236
237,238
239,237
235,236
