600,200
594,206
592,204
592,206
587,211
583,213
583,215
583,214
582,214
576,218
575,217
573,221
568,225
572,224
572,223
571,223
567,228
562,230
557,231
557,228
556,230
555,231
552,228
550,231
549,231
543,236
539,236
536,238
532,243
530,241
532,239
526,241
525,241
523,241
521,243
519,244
518,245
515,250
512,251
512,248
510,246
508,246
504,248
501,250
500,248
500,248
500,247
499,244
497,247
493,248
493,251
492,253
490,253
488,252
486,254
487,254
484,252
485,253
480,255
475,259
470,261
471,260
469,260
468,261
465,264
463,261
464,261
464,260
466,261
466,264
466,266
464,266
466,264
463,265
461,265
462,265
462,266
461,265
457,265
458,264
455,266
451,268
455,269
456,267
454,269
454,268
453,271
455,270
454,274
449,276
449,279
447,281
443,282
440,282
441,281
440,279
440,280
440,281
435,283
432,284
429,288
433,286
433,285
432,282
431,284
429,284
427,284
425,287
419,289
417,290
411,291
411,294
410,293
409,295
406,296
409,292
411,293
412,292
408,295
405,296
407,295
405,296
407,294
406,296
407,296
406,296
408,295
407,297
406,299
405,298
404,297
402,297
403,298
399,303
399,302
399,302
396,308
392,308
392,307
389,310
390,311
386,312
390,309
390,308
390,309
392,310
392,311
393,310
391,313
391,313
390,316
389,318
391,320
391,320
392,321
388,324
390,322
390,323
387,324
383,327
381,329
379,331
377,330
375,333
374,328
373,328
374,331
377,329
375,329
372,335
372,334
373,331
368,336
367,336
365,342
364,342
365,341
363,342
362,347
357,349
352,353
353,353
353,355
350,358
349,356
349,359
345,360
346,359
344,358
345,357
350,355
345,355
347,354
348,353
346,354
344,354
340,356
342,357
340,359
338,362
338,363
338,363
338,361
334,363
337,360
336,362
334,366
333,367
330,370
326,373
324,375
324,376
323,377
324,379
324,377
325,380
323,383
322,387
319,392
318,392
318,391
318,389
316,388
315,391
315,395
320,391
318,395
319,396
321,395
320,393
321,393
322,394
325,392
324,391
324,391
326,388
326,390
330,387
331,388
333,389
334,389
335,390
336,390
335,393
336,395
337,390
336,388
333,392
329,399
332,398
331,397
329,398
325,402
323,403
321,402
319,404
316,406
316,405
314,410
316,410
317,409
315,412
318,412
316,415
316,417
312,418
310,418
309,420
307,422
304,424
302,424
302,425
301,425
298,427
295,428
292,432
290,432
288,437
287,439
286,447
284,449
283,453
282,452
281,455
277,456
278,455
277,456
272,462
270,463
271,463
267,470
265,474
263,474
260,475
258,477
257,478
257,478
256,481
255,480
259,476
258,477
261,477
262,478
264,480
263,481
265,480
264,484
262,487
259,490
259,492
258,495
256,496
253,499
252,498
249,502
245,505
246,503
244,507
242,511
241,511
239,512
242,511
239,515
239,518
241,518
241,518
243,514
240,516
239,519
236,522
233,524
231,529
231,530
230,533
226,534
227,535
230,528
227,533
226,536
224,538
224,537
226,536
224,535
226,532
227,533
229,532
229,535
225,541
225,543
224,544
221,549
220,553
220,555
218,558
219,561
218,561
217,562
215,565
214,568
213,571
210,574
209,573
208,575
208,577
207,579
207,581
210,582
211,582
211,585
211,586
210,588
209,589
208,589
207,590
206,592
203,596
202,599
200,602
199,605
197,607
197,609
195,610
194,611
194,613
196,615
196,614
195,617
194,621
195,621
194,623
193,624
191,627
194,624
191,627
191,629
190,631
190,631
189,632
187,633
189,634
187,638
188,639
187,642
187,642
186,648
186,647
188,645
186,647
184,650
182,651
181,652
180,655
179,658
178,659
179,658
178,657
177,657
176,659
177,658
177,658
176,658
175,658
175,659
174,661
172,663
173,663
172,664
172,666
170,668
168,672
165,677
164,680
164,681
165,683
164,683
164,683
163,684
163,686
162,687
162,689
160,693
161,698
160,702
160,702
160,704
159,706
162,705
163,704
162,707
162,709
162,709
163,710
162,712
162,712
160,715
159,713
159,713
156,718
156,717
156,717
156,718
155,720
154,721
155,719
153,722
150,726
151,727
150,728
149,728
149,728
149,727
148,731
150,729
151,729
151,729
151,730
150,732
150,733
152,731
154,730
155,729
155,730
154,732
152,734
153,734
154,732
155,733
155,732
154,734
154,734
154,737
153,738
151,741
150,745
149,746
147,749
143,753
144,753
143,756
142,758
142,758
143,758
141,760
141,762
138,766
136,767
136,767
135,768
133,770
132,772
133,773
131,776
128,779
127,780
126,781
125,783
125,783
124,784
126,784
126,784
121,789
122,787
122,790
122,792
122,791
122,790
121,791
121,792
122,792
123,791
122,793
121,794
119,797
118,798
119,798
117,801
115,804
113,806
112,807
110,810
109,809
107,811
106,814
104,817
104,819
103,822
101,825
100,827
98,829
98,830
98,831
99,830
99,830
99,832
99,833
100,833
99,834
100,833
100,834
98,836
96,838
95,839
95,841
95,841
94,843
94,843
92,845
93,844
92,846
93,847
93,847
92,848
91,849
89,851
89,852
89,852
85,857
85,858
85,859
86,859
85,860
85,860
86,859
86,859
87,860
88,860
88,860
87,860
85,863
84,865
83,867
82,868
82,868
81,868
81,868
81,869
82,868
80,870
80,871
80,871
79,873
78,874
78,876
75,879
74,880
74,880
74,881
74,881
74,883
74,883
74,883
75,882
75,882
74,883
73,884
72,884
70,887
71,889
72,889
72,889
73,888
73,889
72,889
72,889
74,887
72,889
70,892
70,892
69,893
69,894
71,893
69,895
68,896
69,896
69,897
69,897
69,897
69,899
69,899
68,901
68,901
68,901
68,901
66,903
66,903
67,902
66,903
64,905
63,906
64,905
64,905
62,907
62,908
61,909
60,910
58,913
56,915
55,917
55,917
55,917
52,920
52,919
52,919
51,920
52,920
51,921
51,921
51,921
53,920
53,921
53,922
52,923
50,925
49,926
50,926
50,926
50,927
50,927
50,927
49,928
49,929
48,930
48,930
47,932
46,933
46,933
46,933
47,932
47,933
46,934
46,934
46,934
46,934
46,934
46,934
46,934
44,936
44,937
45,936
44,937
44,937
45,936
45,936
45,936
44,937
44,937
45,936
45,936
45,936
45,936
43,938
43,938
43,938
42,939
42,939
42,939
42,939
41,940
40,941
40,941
40,941
40,941
39,942
38,944
38,944
35,947
35,947
34,949
34,949
35,948
35,948
35,948
35,948
34,949
34,949
34,949
34,949
34,949
35,948
36,949
36,949
36,949
35,950
35,950
35,950
35,950
35,950
35,950
35,951
35,951
35,951
36,950
36,950
36,951
35,952
35,952
35,952
34,953
34,953
34,953
33,954
32,955
31,956
31,957
31,957
31,957
31,957
31,957
30,957
30,957
30,957
30,957
29,958
29,959
29,959
29,959
29,959
29,959
28,960
28,960
28,960
29,960
30,960
30,961
28,963
28,963
29,962
29,962
29,962
29,962
29,962
29,962
29,962
30,961
30,961
30,961
30,961
30,961
30,961
30,961
31,960
