400,400
391,409
388,412
384,416
378,421
374,425
373,424
370,430
368,432
367,431
363,432
363,433
362,432
362,434
363,434
362,437
365,436
363,437
361,436
358,438
356,441
356,441
355,442
351,445
353,444
352,445
348,449
345,455
343,456
341,458
339,462
338,463
339,463
335,469
332,473
330,475
330,475
328,476
326,480
327,481
326,484
327,484
327,485
327,486
324,490
324,491
324,489
324,492
323,492
324,493
325,491
324,494
323,494
323,495
320,498
317,504
316,505
313,507
314,507
313,510
308,515
308,518
305,521
306,521
306,522
303,526
297,531
297,530
293,536
291,538
289,541
288,541
287,542
288,541
290,540
287,544
288,544
286,549
285,549
281,552
279,555
279,555
279,557
281,558
280,559
280,559
282,558
283,557
283,556
284,554
281,556
279,560
275,565
273,567
274,566
272,567
272,569
269,574
267,575
268,577
265,580
264,582
263,583
264,582
260,587
256,592
254,593
251,598
247,601
246,602
246,602
243,605
243,605
239,609
239,608
237,612
235,613
234,616
236,615
233,622
231,623
234,622
236,619
235,621
233,624
228,629
230,630
229,630
227,634
227,634
227,633
226,635
223,639
224,638
222,641
221,646
219,651
222,653
224,650
220,653
222,655
221,657
218,661
216,664
215,666
213,669
212,670
211,673
208,677
209,675
208,676
209,673
207,675
207,677
202,682
202,683
202,684
198,690
198,689
197,691
196,694
195,696
192,700
190,702
191,701
187,706
185,711
184,712
183,715
182,716
181,718
179,721
178,724
178,724
178,724
176,727
176,730
173,733
173,735
175,735
173,738
172,740
169,744
168,745
167,747
167,749
167,750
164,755
161,759
160,763
160,762
160,762
161,759
160,760
159,762
159,763
160,763
158,766
158,768
156,770
156,771
157,771
157,771
156,774
155,776
153,778
153,779
152,781
151,783
151,783
149,785
147,789
146,790
147,789
147,789
149,789
149,791
149,791
152,789
151,790
150,791
149,792
147,794
144,798
145,797
145,797
146,797
146,799
146,799
145,800
144,802
144,804
141,809
142,808
139,811
138,813
136,815
137,814
135,816
133,820
134,819
134,820
134,820
133,820
134,821
134,821
131,824
134,822
133,823
133,823
134,823
132,825
135,822
135,822
136,824
135,825
137,823
136,824
134,826
132,828
133,828
135,828
135,828
136,827
135,828
136,828
137,828
136,830
134,834
133,836
132,837
129,841
130,840
130,840
129,841
128,842
124,846
125,845
123,847
124,847
123,848
123,849
123,849
120,852
120,852
119,853
119,853
117,856
117,856
116,857
115,858
116,858
116,858
115,860
116,859
116,859
113,862
112,863
112,865
111,866
111,866
111,866
111,867
110,868
109,869
107,871
107,871
107,871
107,871
108,870
106,872
103,875
104,874
103,876
103,876
102,877
101,878
101,878
99,880
99,880
99,880
100,879
102,877
102,878
101,879
100,879
99,880
99,882
99,882
98,884
97,886
98,885
98,886
97,887
97,887
95,889
95,889
96,888
95,889
94,890
92,892
91,893
91,894
90,895
90,896
87,899
90,896
90,896
90,896
90,896
89,897
89,898
87,900
86,901
89,898
90,898
88,900
88,900
88,900
89,899
89,899
89,899
89,899
89,899
87,901
88,900
86,902
85,903
85,903
84,904
84,904
84,904
85,903
84,904
83,905
82,906
83,905
83,905
83,905
83,906
84,905
83,906
83,907
82,908
83,907
81,909
81,909
81,909
80,910
77,913
77,913
76,914
77,913
77,913
77,913
77,913
76,914
76,914
76,914
76,915
76,916
75,917
75,917
75,917
76,916
76,916
76,916
76,916
75,917
74,918
75,917
73,920
73,920
73,920
73,920
71,922
71,922
70,923
70,923
69,924
69,924
69,924
70,923
70,923
69,923
69,923
69,923
71,921
70,923
69,924
69,924
69,924
68,925
68,925
68,925
69,924
69,924
67,926
67,926
67,926
67,926
66,927
65,928
64,929
64,929
65,928
64,931
62,933
59,936
59,936
60,935
60,935
62,933
62,933
62,933
62,933
60,936
58,938
59,937
59,937
58,938
57,939
57,939
57,939
57,939
57,939
55,941
56,940
55,941
55,941
54,942
54,942
53,943
53,943
53,943
53,943
53,943
53,943
53,943
51,945
50,946
50,946
50,946
50,946
49,947
49,947
50,946
49,947
49,947
49,947
49,947
48,948
47,949
47,949
47,949
47,949
47,949
47,950
47,950
47,950
47,950
48,949
47,950
47,950
46,951
46,951
44,953
44,953
44,953
44,953
45,952
45,952
44,953
41,957
41,957
43,955
43,955
41,957
41,957
41,957
41,957
41,957
41,957
40,958
39,959
40,958
40,958
40,958
40,958
40,958
40,958
40,958
40,958
39,959
40,958
39,959
39,959
39,959
40,958
40,958
40,958
40,958
40,958
40,958
42,956
42,956
42,956
41,957
41,957
41,957
41,957
43,955
42,956
42,956
41,957
41,957
40,958
40,958
40,958
40,958
40,958
40,958
40,958
40,958
39,959
39,959
39,959
39,959
39,959
39,959
39,959
38,960
37,961
37,961
37,961
36,962
36,962
37,961
38,960
37,961
36,961
36,961
35,962
35,962
34,963
34,963
34,963
34,963
34,963
34,964
32,966
31,967
31,967
30,968
29,969
28,970
27,971
27,971
28,970
26,972
26,972
26,972
25,973
26,972
26,972
26,972
26,972
26,972
25,974
25,974
24,975
24,975
25,974
24,975
24,975
24,975
24,975
24,975
24,975
23,976
24,975
24,975
24,975
23,976
23,976
23,976
23,976
23,976
23,976
23,976
22,977
22,977
22,977
21,978
20,979
20,979
20,979
20,979
19,980
20,979
20,979
20,979
20,979
20,979
20,979
21,978
21,978
21,978
20,979
20,979
20,979
20,979
20,979
20,979
19,980
19,980
19,980
19,980
19,980
20,979
19,980
18,981
18,981
18,981
18,981
18,981
17,982
17,982
17,982
16,983
16,983
16,983
16,983
16,983
16,983
16,983
16,983
16,983
15,984
15,984
15,985
15,985
15,985
15,985
15,985
15,985
15,985
16,984
16,984
17,983
17,983
17,983
17,983
17,983
17,983
17,983
17,983
17,983
16,984
16,984
15,985
15,985
15,985
15,985
15,985
15,985
15,985
15,985
15,985
15,985
14,986
15,985
15,985
15,985
14,986
14,986
14,986
14,986
15,985
15,985
15,985
15,985
15,985
15,985
14,986
14,986
14,986
14,986
14,986
14,986
14,986
15,985
15,985
16,984
16,984
15,985
15,985
15,985
14,986
14,986
14,986
14,986
13,987
13,987
13,987
13,987
13,987
13,987
13,987
13,987
13,987
13,987
13,987
13,987
13,987
13,987
13,987
13,987
13,987
14,986
14,986
14,986
14,986
14,986
12,988
12,988
12,988
12,988
12,988
12,988
12,988
12,988
13,987
13,987
13,987
13,987
13,987
13,987
13,987
13,987
13,987
13,987
13,987
13,987
13,987
13,987
13,987
13,987
13,987
13,987
13,987
14,986
14,986
14,986
14,986
14,986
14,986
14,986
14,986
14,986
15,985
