50,150
41,159
42,158
44,159
43,158
44,160
45,164
47,164
47,162
48,165
47,169
50,170
52,173
53,173
57,171
59,171
59,173
60,177
60,179
61,181
63,184
64,182
66,185
67,186
67,186
71,184
71,184
71,183
70,183
71,186
73,188
74,191
74,192
76,192
76,190
76,191
79,193
79,196
78,198
79,199
80,202
81,203
81,207
81,206
81,210
82,209
83,208
85,207
88,206
87,207
90,205
92,205
94,204
95,205
96,206
94,207
94,208
96,209
96,212
97,210
102,212
104,215
104,217
104,217
105,218
104,221
106,221
109,219
111,220
110,220
112,222
114,224
116,223
117,221
121,223
123,223
126,224
125,227
124,229
125,231
126,231
127,234
128,236
129,234
130,238
130,241
133,238
134,238
137,236
139,233
144,232
143,235
145,235
145,233
149,232
151,230
156,229
155,227
156,227
157,227
158,229
159,229
157,232
157,231
156,231
157,232
158,228
158,228
161,228
162,230
165,228
162,228
162,227
163,227
165,228
165,229
163,227
166,224
166,225
166,226
166,228
163,230
163,231
161,231
159,233
160,232
161,232
159,230
160,232
164,231
162,233
163,234
161,237
164,237
165,236
167,237
168,240
169,237
171,236
170,237
169,236
168,236
168,235
168,236
167,237
168,237
167,236
169,238
172,235
173,235
171,233
167,234
169,231
170,229
169,232
167,231
170,233
171,234
170,234
172,234
171,236
170,236
168,237
169,238
169,239
171,237
169,237
168,238
169,237
169,235
165,239
165,240
166,243
169,242
167,243
164,248
164,251
166,251
165,253
165,250
171,247
171,251
170,253
170,258
170,258
170,258
172,257
174,260
172,262
173,263
175,263
175,264
173,266
172,267
171,267
174,265
172,266
172,265
171,266
174,269
173,272
174,272
178,272
179,274
176,279
179,277
178,276
179,275
179,276
179,279
181,281
182,284
181,287
181,286
183,285
184,282
184,284
185,287
190,284
192,283
193,286
193,287
191,291
194,291
195,291
193,292
194,294
193,296
192,299
194,297
193,298
194,301
197,299
196,299
196,301
195,302
199,304
201,306
199,306
200,308
200,312
202,309
203,308
202,308
203,311
204,313
204,314
204,316
204,318
202,321
199,319
200,318
199,315
194,318
194,318
193,318
194,318
191,322
191,325
191,325
193,325
193,326
195,325
199,328
202,329
202,330
202,330
202,328
203,331
203,335
202,336
199,338
201,335
200,340
197,341
194,345
193,347
190,350
191,352
190,356
188,355
188,355
191,354
191,350
194,346
193,352
195,349
196,350
197,352
196,354
194,354
196,357
195,357
194,359
195,362
197,364
197,365
195,364
194,365
193,366
192,374
191,375
191,377
192,376
195,381
192,385
194,384
194,388
191,390
192,391
192,391
190,394
190,396
190,396
189,397
190,397
193,395
195,392
196,393
197,395
196,396
194,398
195,399
194,400
195,403
196,402
195,406
196,407
194,407
190,412
192,412
191,412
193,416
192,417
187,418
188,421
191,422
190,422
189,424
186,427
190,429
190,431
192,430
191,428
195,431
193,433
192,436
189,440
190,439
191,440
189,442
190,442
188,447
187,448
187,452
186,453
185,458
187,458
186,459
186,461
183,464
184,464
185,468
187,469
186,473
186,469
187,469
186,470
185,475
187,477
187,477
186,479
188,478
184,481
184,484
184,482
184,485
182,489
180,492
177,497
176,500
175,502
177,506
174,509
173,509
174,508
173,511
174,513
173,513
172,514
174,514
174,514
174,516
172,517
169,520
169,521
170,520
172,518
172,521
172,524
172,524
170,527
171,528
170,527
171,526
168,531
167,534
165,536
162,540
162,543
162,541
163,542
161,547
161,550
163,548
164,550
164,550
162,552
163,550
162,550
162,552
163,552
163,556
162,555
162,556
164,554
163,554
164,555
165,558
162,562
164,564
162,569
163,572
162,574
160,577
159,580
161,581
159,584
157,589
156,591
153,593
152,598
153,599
148,605
149,609
148,610
147,611
146,614
145,616
144,616
145,616
145,619
144,621
144,622
144,621
144,622
146,625
147,628
147,629
148,631
148,637
147,641
146,644
144,647
144,647
144,649
143,652
141,656
140,660
138,663
139,663
139,663
137,665
137,667
136,670
137,673
137,673
136,673
137,675
137,677
136,679
136,681
133,687
132,689
132,691
134,689
133,690
132,693
131,693
130,696
128,699
126,702
126,703
123,704
120,707
120,709
120,711
118,712
117,713
117,716
115,719
113,723
114,725
115,724
114,725
113,727
115,726
115,728
115,730
115,730
116,730
116,732
113,735
112,737
112,739
111,740
110,743
109,744
108,747
108,748
109,748
109,747
109,747
109,747
109,747
109,747
108,748
108,750
108,752
109,754
110,756
113,756
111,759
111,762
110,763
109,764
109,765
110,766
110,768
107,771
106,772
106,773
106,773
105,774
104,776
103,779
103,779
104,780
103,783
103,784
102,786
101,786
102,784
102,785
102,788
101,789
100,791
101,791
101,791
100,793
101,792
101,794
102,793
101,795
101,795
101,798
101,798
100,799
99,800
98,803
97,807
97,807
95,809
94,810
94,810
95,809
91,811
88,816
89,816
89,816
89,817
89,818
87,822
86,825
86,826
86,827
86,827
86,826
84,828
83,830
82,832
83,832
82,832
81,833
82,833
80,835
80,837
78,841
78,841
79,842
80,842
80,843
79,844
77,847
76,848
74,851
72,853
71,855
69,858
69,859
69,859
67,861
68,861
67,863
68,862
68,862
68,862
69,862
68,864
68,864
67,865
66,866
66,867
66,867
66,867
67,867
67,868
67,868
65,870
65,872
65,873
64,876
64,877
64,877
64,878
64,879
63,881
61,883
62,883
62,884
62,884
61,887
60,889
59,890
58,892
58,893
59,892
59,892
59,892
60,891
58,893
58,894
58,893
58,892
58,893
57,894
57,895
56,895
53,898
51,901
50,902
50,903
49,904
48,905
47,908
46,911
45,912
43,915
41,918
40,920
40,921
39,922
39,922
38,923
39,922
39,923
39,924
38,925
38,925
38,926
39,925
38,927
38,927
36,929
37,929
37,929
36,930
35,932
35,933
35,934
34,935
34,936
34,936
34,936
35,935
34,936
33,938
33,938
32,941
32,942
30,945
30,946
30,946
32,944
33,944
33,944
33,944
34,943
33,947
33,947
33,947
34,946
33,947
30,950
30,951
30,951
30,951
30,951
30,951
30,951
30,952
29,953
29,953
30,953
30,953
30,953
31,952
31,952
32,951
32,951
33,950
32,951
31,952
31,952
31,952
30,954
30,954
29,955
29,955
29,956
29,956
29,956
30,955
29,956
29,956
29,956
26,959
26,959
26,959
25,960
25,960
25,960
25,960
25,960
24,961
24,961
25,960
25,960
25,960
25,960
25,960
25,960
25,960
25,960
25,960
25,960
25,960
25,960
25,960
25,960
26,959
25,960
26,960
25,961
25,961
25,961
25,961
24,962
24,962
24,962
24,962
24,962
23,963
23,963
23,964
23,965
23,965
23,965
23,965
22,966
22,966
22,967
22,967
22,967
22,967
22,967
22,967
22,967
22,967
22,967
23,966
