50,250
40,260
40,261
38,267
39,271
39,270
40,274
43,277
43,282
43,290
43,291
42,294
43,294
42,300
41,300
43,303
44,306
44,311
45,315
44,320
45,326
45,331
48,335
47,336
46,338
45,344
46,346
46,350
46,356
47,357
48,363
49,368
50,373
50,373
50,375
49,381
49,387
49,390
49,396
49,400
47,407
46,407
46,411
45,416
45,421
45,425
45,429
44,433
42,440
42,442
41,442
44,444
48,442
48,443
47,451
50,454
50,460
49,463
48,467
49,466
49,473
48,477
49,481
49,483
49,489
51,485
51,484
49,489
50,490
50,491
52,492
52,495
52,499
54,503
54,508
52,513
50,514
49,520
49,521
48,523
47,528
47,532
47,537
45,538
45,544
44,546
46,549
47,552
49,553
50,555
50,558
48,563
49,565
49,567
48,573
47,576
47,579
47,582
47,585
48,592
50,591
50,595
50,600
49,603
48,607
48,610
48,612
48,616
47,620
47,622
47,625
47,626
47,628
47,631
46,634
46,635
46,640
44,646
42,648
43,649
42,650
42,652
41,656
42,660
43,663
44,666
44,668
44,670
44,675
45,677
46,678
46,680
46,682
47,685
46,689
46,691
46,693
46,695
47,697
47,701
46,702
46,704
46,708
47,709
49,710
50,713
50,716
50,718
48,722
47,726
46,730
45,732
44,734
44,738
42,743
41,747
40,751
39,756
39,759
39,759
39,761
39,764
38,764
37,769
37,770
35,773
33,775
33,777
33,779
34,782
34,784
35,784
35,786
37,784
37,786
37,787
37,788
37,791
36,793
36,793
37,795
34,799
33,801
32,804
33,804
33,806
33,806
32,808
32,808
32,812
32,815
32,817
31,819
31,821
31,823
31,826
31,826
31,827
31,828
32,827
32,828
32,829
31,833
31,834
30,836
30,837
30,838
30,840
30,840
30,842
30,843
30,844
29,846
28,846
28,849
27,851
27,855
25,858
25,860
25,862
24,866
23,868
22,870
22,870
22,871
22,873
22,874
21,876
20,878
20,877
20,878
20,879
21,879
21,881
21,882
21,882
21,882
21,882
21,884
21,885
21,885
21,886
21,886
21,887
21,887
21,888
22,891
22,891
22,891
22,890
22,894
22,895
22,895
21,896
21,897
21,899
21,900
21,902
21,903
21,904
20,906
20,908
20,909
19,910
18,912
18,913
18,913
18,913
18,913
18,913
18,913
19,914
19,914
18,917
18,917
18,917
18,918
18,919
19,918
19,918
19,920
19,920
20,919
20,921
20,921
20,922
20,922
20,923
20,924
20,924
20,925
20,926
19,928
19,929
19,930
18,931
18,933
18,933
18,933
18,933
18,934
18,935
18,935
18,935
17,937
16,938
16,938
16,938
16,938
16,939
16,939
16,939
15,940
14,943
14,943
14,944
14,946
13,947
13,947
13,949
13,949
12,950
12,951
12,952
12,952
11,953
11,953
10,954
9,956
9,956
9,956
9,957
9,957
9,958
9,958
9,958
9,958
9,958
9,958
9,958
9,958
9,958
9,958
7,960
7,960
7,961
7,961
7,961
7,961
7,961
7,961
7,961
7,962
7,962
6,963
6,963
6,963
6,964
6,964
6,965
6,965
6,965
6,965
6,965
6,966
6,966
6,966
6,966
6,967
6,968
6,968
6,968
6,968
6,969
5,970
5,970
5,970
5,970
5,971
5,971
5,971
5,971
5,972
5,972
5,972
5,972
5,972
5,972
5,972
5,972
5,972
5,972
5,972
6,971
7,971
7,971
7,971
7,971
7,971
7,971
7,971
7,971
7,972
7,972
7,972
7,972
7,972
7,972
7,972
7,973
7,973
7,973
7,973
8,972
8,972
8,972
8,972
8,973
8,973
8,973
8,973
8,973
8,973
8,973
7,974
7,974
7,974
7,974
7,974
7,975
7,975
7,975
7,976
7,976
7,976
7,977
7,977
7,977
7,977
7,978
7,978
7,980
7,980
7,980
7,980
7,980
7,980
7,980
7,980
7,980
7,980
7,980
7,980
7,980
7,980
7,980
7,980
7,980
7,981
7,982
7,982
7,982
7,982
7,982
7,982
6,983
6,983
6,983
6,983
6,983
6,983
6,983
6,983
6,983
6,983
6,983
6,983
6,983
6,983
6,983
6,984
6,984
6,984
6,984
5,985
5,985
5,985
4,986
4,986
4,986
4,986
4,986
4,986
4,986
4,986
4,986
4,986
4,986
4,986
4,986
4,986
4,986
4,986
4,986
4,986
4,986
4,986
4,986
4,986
4,986
4,986
3,987
3,987
3,987
3,987
3,987
3,987
3,987
3,987
3,987
3,987
3,987
3,988
3,988
3,988
3,988
3,988
3,988
3,988
3,988
3,988
3,988
3,988
3,988
3,988
3,988
3,989
3,989
3,989
3,989
3,989
3,989
3,989
3,989
3,989
3,989
3,989
3,989
3,989
3,989
3,989
3,989
3,989
3,989
3,989
3,989
3,989
3,990
3,990
3,990
3,990
3,990
3,990
3,990
3,990
3,990
3,990
3,990
3,990
3,990
3,990
3,990
3,991
3,992
3,992
3,992
3,992
3,992
3,992
3,992
3,992
3,992
3,992
3,992
3,992
3,992
3,992
3,992
3,992
3,992
3,992
3,992
3,992
3,992
3,992
3,992
3,992
3,993
3,993
3,994
3,994
3,994
3,994
3,994
3,994
3,994
2,995
2,995
2,995
2,995
2,995
2,995
2,995
2,995
2,995
2,995
2,995
2,995
2,995
2,995
2,995
2,995
2,995
2,995
2,995
2,995
2,995
2,995
2,995
2,995
2,995
2,995
2,995
2,995
2,995
2,995
2,995
2,995
2,995
2,995
2,995
2,995
2,995
2,995
2,995
2,995
2,995
1,996
1,996
1,996
1,996
1,997
1,997
1,997
1,997
1,997
1,997
1,997
1,997
1,997
1,997
1,997
1,997
1,997
1,997
1,997
1,997
1,997
1,997
1,997
1,997
1,997
1,997
1,997
1,997
1,997
1,997
1,997
1,997
1,997
1,997
1,997
1,997
1,997
1,997
1,997
1,997
1,997
1,997
1,997
1,997
1,997
1,997
1,997
1,997
1,997
1,998
1,998
1,998
1,998
1,998
1,998
1,998
1,998
1,998
1,998
1,998
1,998
1,998
1,998
1,998
1,998
1,998
1,998
1,998
1,998
1,998
1,998
1,998
1,998
1,998
1,998
1,998
