50,350
41,359
42,363
41,371
39,374
41,377
42,381
42,383
44,386
43,388
44,391
44,394
43,397
44,398
43,402
43,405
45,409
46,413
46,418
45,425
47,426
47,429
49,434
49,441
48,447
47,450
46,454
47,456
49,460
49,466
49,469
48,476
48,480
48,482
49,488
49,492
49,496
48,498
48,500
48,505
48,508
49,512
51,515
51,517
51,517
53,519
55,522
54,526
54,528
54,531
56,533
55,535
53,539
52,543
52,547
51,553
51,555
48,560
49,562
50,564
50,567
50,569
50,573
51,575
51,582
51,587
51,590
51,593
51,596
52,596
52,600
51,605
52,609
53,612
53,616
53,619
52,619
52,622
52,624
51,628
51,627
53,627
50,631
51,634
51,636
51,639
51,645
51,650
50,653
49,656
49,660
47,669
46,672
45,675
44,678
43,680
43,680
42,684
42,687
41,691
41,695
41,698
40,702
40,701
40,705
40,708
39,710
38,713
39,711
41,711
40,715
40,716
40,717
39,722
39,726
39,724
39,726
39,730
39,731
39,734
39,736
38,739
38,744
39,744
39,745
39,747
38,748
38,750
39,751
39,753
40,753
39,759
38,761
39,761
39,765
41,765
41,766
41,767
41,766
40,768
41,769
41,773
42,773
41,775
39,778
40,779
40,781
40,781
40,784
39,785
40,786
40,788
40,789
40,792
39,795
39,798
39,800
39,801
39,803
39,803
39,807
39,810
39,813
39,816
39,816
40,816
39,817
40,818
40,818
37,822
37,824
37,824
37,826
35,830
35,832
34,833
33,835
33,836
33,836
34,836
34,838
34,839
34,840
35,840
35,841
35,842
36,844
36,845
35,848
34,851
33,852
33,854
32,855
32,856
32,856
31,857
30,859
29,862
29,862
27,865
27,866
26,867
26,870
27,872
27,874
27,875
27,876
29,874
28,875
28,877
28,878
28,878
28,879
28,880
27,883
27,885
27,885
27,887
27,887
27,886
27,887
27,887
27,888
27,890
27,890
27,890
27,890
27,894
26,895
26,898
26,898
26,900
26,903
26,903
25,904
24,906
24,907
24,908
24,908
25,907
25,907
25,908
25,909
25,909
25,910
24,911
25,910
24,911
24,911
24,911
24,912
24,912
24,912
24,912
24,912
24,912
26,911
25,912
25,913
25,914
26,913
26,914
26,915
24,917
25,917
24,918
24,917
24,917
24,917
24,917
24,917
24,918
24,918
24,919
23,921
23,921
24,920
23,921
23,921
23,922
24,922
24,923
24,923
24,923
24,923
24,923
23,925
23,926
23,926
23,927
23,927
23,928
23,929
22,931
22,932
21,933
21,933
21,933
21,933
21,933
21,933
21,934
22,933
22,933
22,933
23,932
23,933
23,932
23,932
23,932
23,932
23,932
23,932
23,932
23,932
23,933
23,933
23,934
23,934
22,936
22,937
22,937
22,937
22,937
22,937
22,937
22,937
21,938
21,938
20,939
20,940
20,940
20,943
20,944
20,944
20,944
20,944
20,945
20,947
21,946
21,946
21,946
21,946
21,946
21,946
21,947
20,948
20,949
20,950
20,950
20,951
20,951
20,951
20,952
19,953
19,954
19,954
20,954
20,954
20,955
19,956
18,957
18,957
18,958
18,958
18,958
18,958
18,958
18,958
18,959
18,960
18,960
18,960
18,960
18,960
18,960
18,960
17,961
17,961
16,963
16,963
16,964
16,964
16,964
15,965
15,965
15,965
14,966
14,966
14,966
13,967
12,969
12,969
12,969
12,970
12,970
12,970
12,970
12,970
12,970
11,971
11,971
11,971
11,971
11,972
12,971
12,971
12,971
12,971
13,970
13,970
12,971
12,971
12,971
12,971
13,970
13,970
13,970
13,971
13,971
14,970
14,970
14,971
14,971
14,971
14,971
15,971
15,971
16,970
16,970
16,970
16,971
15,972
15,972
15,972
15,972
14,973
14,973
13,974
13,974
13,974
13,974
12,975
12,975
12,975
12,975
12,975
12,975
12,975
10,978
10,978
10,978
10,980
9,981
9,981
8,983
8,983
7,984
7,985
7,985
7,985
7,985
7,985
6,986
6,986
6,986
7,985
8,984
8,984
7,985
7,985
7,985
7,985
7,985
7,985
7,985
7,985
6,986
6,986
6,986
6,986
6,986
6,986
6,986
6,986
6,986
7,985
7,985
7,985
7,985
7,985
7,985
7,985
8,984
7,985
7,986
7,986
7,986
6,987
5,988
5,988
5,988
5,988
5,988
5,988
5,988
5,988
5,988
5,988
5,989
5,989
5,989
5,989
5,989
5,989
4,990
4,990
4,990
4,990
4,990
4,990
4,990
4,990
4,990
5,990
5,990
5,990
5,990
5,990
5,990
5,990
5,990
4,992
4,992
4,992
4,992
4,992
4,992
4,992
4,992
4,992
4,992
4,992
4,993
5,992
5,992
5,992
5,992
5,992
5,992
5,992
5,992
5,992
5,992
5,992
5,992
5,992
5,992
5,992
5,992
5,992
5,992
5,992
5,992
5,992
5,992
5,992
4,993
4,993
4,993
4,993
4,993
4,993
4,993
3,994
3,994
3,994
3,994
3,994
3,994
3,994
3,994
3,994
3,994
3,994
3,994
3,994
3,995
3,995
3,995
3,995
3,995
3,995
3,995
3,995
3,995
3,995
3,995
3,995
3,995
3,995
3,995
3,995
3,995
3,995
3,995
3,995
3,995
3,995
3,995
3,995
3,995
3,995
3,995
3,995
3,995
3,995
3,995
3,995
3,995
3,995
3,995
3,995
3,995
3,995
3,995
3,995
3,995
3,995
3,995
2,996
2,996
2,996
2,996
2,996
2,996
2,996
2,996
2,996
2,996
2,996
2,996
2,996
2,996
2,996
2,996
2,996
2,996
2,996
2,996
2,996
2,996
2,997
2,997
2,997
2,997
2,997
2,997
2,997
2,997
2,997
2,997
1,998
1,998
2,997
2,997
2,997
2,997
2,997
2,997
2,997
2,997
2,997
2,997
2,997
2,997
2,997
2,997
2,997
2,997
2,997
2,997
2,997
2,997
2,997
2,997
2,997
2,997
2,997
1,998
1,998
1,998
1,998
1,998
1,998
1,998
1,998
1,998
1,998
1,998
1,998
1,998
1,998
1,998
1,998
1,998
1,998
1,998
1,998
1,998
1,999
1,999
1,999
1,999
1,999
1,999
1,999
1,999
1,999
1,999
1,999
1,999
1,999
1,999
1,999
1,999
