400,200
393,207
392,208
391,210
391,208
386,209
383,211
381,211
378,210
379,210
379,214
378,214
376,214
377,216
376,215
378,210
374,211
374,210
373,210
371,213
368,214
369,215
372,215
368,216
366,216
366,219
365,218
363,221
364,219
364,221
364,219
364,218
362,216
363,219
358,220
361,218
363,216
365,212
361,214
360,217
361,217
356,216
353,216
350,220
346,220
343,223
341,222
342,223
339,225
336,227
338,229
338,232
337,234
334,235
334,236
332,238
332,239
332,238
332,238
328,239
328,239
330,237
330,238
329,238
330,239
331,237
329,239
330,237
328,237
324,240
325,240
325,241
322,244
321,249
320,248
317,249
317,251
317,253
316,255
318,255
320,254
318,256
317,256
318,253
318,250
318,250
317,250
315,253
314,253
316,253
315,251
315,251
317,247
318,248
316,247
316,243
312,245
314,243
311,243
315,242
318,235
317,237
317,239
318,236
316,234
313,236
312,238
314,237
313,236
314,237
312,238
313,237
310,241
310,244
305,248
304,244
304,242
301,243
301,245
300,247
302,251
304,248
304,248
305,247
304,249
302,250
301,254
302,256
299,258
299,258
300,254
299,254
300,251
301,251
302,250
297,253
295,252
293,252
292,252
293,250
293,250
293,250
297,248
298,251
301,253
300,255
300,254
300,252
298,252
295,255
297,257
295,257
295,254
293,257
291,259
292,259
288,263
287,267
286,267
285,269
283,271
283,272
279,273
282,272
279,271
278,274
277,273
274,273
272,278
272,277
269,280
271,281
270,282
271,284
268,282
266,284
264,285
267,285
267,286
270,286
269,286
268,288
270,285
267,286
266,287
265,290
265,293
265,295
264,295
266,291
266,292
265,294
263,295
261,296
259,296
256,298
256,296
253,300
255,299
251,301
251,300
251,299
249,302
250,299
255,299
253,301
253,302
252,303
252,305
254,305
253,308
250,312
243,315
241,316
243,316
240,321
240,319
239,322
237,323
235,325
234,326
231,328
228,331
232,333
233,334
230,339
229,344
231,344
231,343
234,342
234,340
235,344
238,346
239,346
238,345
243,344
242,345
243,346
243,343
241,346
240,345
239,347
244,346
246,346
244,345
243,348
241,348
243,349
245,349
244,347
245,350
244,349
244,353
243,355
244,354
241,355
242,353
244,353
244,356
244,354
242,354
244,354
245,354
244,353
245,353
245,350
247,347
250,345
247,351
247,352
252,350
253,352
252,352
249,353
247,354
247,359
246,356
244,356
245,356
244,357
242,357
240,361
239,362
236,364
235,366
236,366
232,371
231,374
232,375
232,380
234,379
231,381
230,384
231,381
228,382
230,384
231,385
232,385
231,388
231,390
229,393
229,395
231,394
233,391
234,391
232,393
232,396
226,399
225,400
225,400
223,399
225,400
224,404
227,405
228,407
229,409
227,410
225,413
225,413
225,413
224,412
223,415
221,416
221,417
222,419
221,421
218,423
216,427
215,428
214,431
214,431
210,434
210,435
209,438
208,439
203,444
202,446
203,445
202,448
203,450
202,450
204,448
202,447
199,450
198,454
197,455
197,460
197,463
199,463
197,468
194,472
195,474
193,475
192,478
189,484
189,484
190,485
189,489
190,489
191,491
189,495
189,498
190,499
194,497
193,502
191,506
190,508
190,509
188,512
190,513
188,517
186,519
185,519
184,522
184,524
180,528
177,531
176,533
174,534
173,537
175,537
175,539
177,539
176,543
178,543
178,545
177,548
176,550
174,553
173,559
173,565
173,567
173,569
173,570
174,571
173,570
171,573
170,575
168,579
170,580
167,583
166,582
165,582
165,584
166,586
165,590
164,594
164,597
164,600
162,603
163,600
161,605
161,607
158,611
156,617
157,616
158,617
156,621
155,621
153,628
152,628
152,629
153,629
152,634
151,637
151,640
153,639
150,643
151,642
150,647
147,651
147,651
145,654
144,656
146,656
143,659
145,661
141,666
141,669
139,672
139,673
140,674
137,679
137,680
135,682
136,684
135,690
134,690
135,689
136,689
139,687
140,686
139,691
137,694
136,697
137,699
136,701
135,703
133,705
134,704
135,705
135,705
134,706
132,707
131,709
130,710
130,711
130,715
131,713
129,717
128,719
127,721
125,726
123,730
122,734
121,735
124,733
124,733
124,736
123,737
122,739
120,743
120,743
121,743
122,743
121,745
120,748
119,748
120,748
120,747
120,749
120,751
118,754
116,757
116,758
115,759
117,758
117,759
117,759
116,761
116,762
112,767
111,768
109,770
108,773
107,775
107,775
106,776
106,776
103,778
103,779
102,781
104,780
106,778
106,780
105,781
104,786
104,785
105,784
104,786
102,791
99,795
99,793
98,794
96,795
95,796
95,796
95,797
93,800
92,804
92,804
93,803
93,804
92,805
91,806
92,806
93,807
93,806
93,807
95,808
94,809
94,808
95,808
95,809
96,807
98,806
98,808
96,811
95,812
95,812
93,814
91,816
91,815
92,816
90,820
89,821
87,824
87,825
86,825
84,829
82,832
80,836
80,837
80,837
78,840
79,841
81,839
80,841
81,839
80,840
78,842
78,843
77,847
77,847
78,846
78,846
78,848
78,847
76,850
77,849
76,850
75,852
74,853
75,854
75,854
73,856
71,858
72,857
71,859
71,860
72,860
71,862
70,863
71,863
70,864
66,868
67,870
67,868
67,872
67,873
69,871
68,873
68,875
68,875
69,876
68,876
69,876
68,877
68,877
66,880
66,880
65,881
65,881
65,883
65,885
65,886
64,887
63,888
63,889
62,890
63,889
62,891
62,891
62,891
63,890
64,889
65,888
62,891
62,892
63,891
63,891
63,892
63,892
64,892
64,892
64,893
65,892
65,893
63,895
63,895
63,895
63,897
62,899
61,900
60,901
58,904
58,907
57,909
57,909
57,909
57,910
55,912
56,911
56,910
57,910
55,913
55,913
55,914
55,914
54,915
54,915
54,915
54,915
54,915
54,915
54,916
53,917
52,918
52,919
52,920
51,922
51,922
51,922
50,923
50,923
50,923
50,924
51,923
50,924
49,925
49,925
48,926
47,927
46,928
46,928
46,928
46,928
44,930
43,931
44,930
44,930
43,931
43,931
43,931
43,931
42,932
43,932
44,931
45,930
45,932
45,932
45,932
44,933
43,934
43,934
42,935
42,935
42,936
42,936
40,938
40,938
40,938
40,938
40,938
40,938
40,938
41,938
41,938
41,939
42,938
40,940
40,940
39,942
38,943
37,944
38,943
38,943
37,944
37,947
37,948
36,949
36,949
35,951
35,951
35,951
35,951
33,953
31,955
29,957
29,957
29,957
29,957
28,958
25,961
26,960
25,961
26,960
25,961
25,961
24,962
24,962
24,962
23,963
23,963
23,963
23,963
23,963
23,963
23,963
23,963
23,963
23,963
23,963
23,963
23,963
23,964
23,964
22,965
22,966
22,966
22,966
22,966
23,965
23,965
23,965
22,966
22,966
21,967
21,967
21,967
21,968
21,968
21,968
21,968
21,968
19,970
19,970
19,970
19,970
18,972
18,972
18,972
18,973
19,972
19,972
19,972
19,972
19,972
17,974
17,974
17,974
