900,50
900,50
898,50
897,51
896,52
897,51
897,50
894,51
894,51
893,51
892,51
891,52
889,53
887,53
888,53
885,54
883,54
882,53
879,54
877,54
874,54
875,54
872,55
872,56
870,56
869,56
868,57
866,59
863,59
861,59
859,59
859,60
860,58
859,59
854,59
853,59
850,59
848,60
849,58
847,57
845,59
844,59
843,59
841,60
842,58
839,60
838,60
834,61
834,61
835,63
836,63
835,64
830,68
829,67
827,70
825,70
827,69
828,67
824,69
824,68
818,70
818,69
818,68
814,68
809,70
806,69
805,69
801,71
803,70
803,70
805,70
802,70
802,69
800,69
798,68
793,69
791,68
790,68
787,69
787,69
787,68
785,67
783,69
780,71
780,67
780,67
782,66
781,64
779,66
774,67
773,67
770,67
769,65
770,63
765,64
762,66
758,65
754,65
750,65
747,67
745,68
739,70
736,70
731,70
730,70
728,71
728,69
725,68
722,70
724,68
722,67
723,65
722,64
721,64
715,65
710,67
713,64
712,65
709,65
707,66
707,67
708,67
708,66
703,67
701,68
697,68
693,71
690,72
689,72
692,71
694,71
694,70
690,73
689,73
685,75
681,78
680,78
677,78
671,79
669,81
666,83
664,83
658,83
654,84
651,84
647,84
643,84
642,83
640,84
639,84
636,86
635,85
637,84
633,86
632,86
629,86
627,87
622,88
618,87
620,87
619,85
617,86
614,88
611,89
609,88
609,89
607,88
607,89
605,89
607,87
603,86
603,86
600,86
596,87
592,87
586,87
585,84
582,84
581,84
579,84
578,82
573,83
568,83
565,83
564,82
564,80
561,81
558,80
555,79
547,81
543,83
545,82
545,82
546,81
545,82
541,83
537,84
538,84
538,83
536,83
536,85
535,82
531,80
530,82
527,82
527,80
528,77
526,75
525,74
523,73
522,71
519,71
515,71
512,72
508,74
509,74
504,76
500,74
499,73
498,73
499,74
497,73
496,71
494,72
492,72
491,72
487,71
490,70
492,71
489,71
488,72
488,71
485,71
485,71
485,72
481,72
485,72
485,71
484,69
483,69
481,68
482,69
482,67
483,67
485,68
485,67
486,65
483,64
484,63
483,62
485,61
484,61
485,62
486,60
486,60
481,61
478,62
477,63
474,63
476,62
476,62
475,61
473,62
473,62
474,64
476,64
475,61
473,61
471,61
470,60
469,60
467,59
468,58
467,58
462,58
461,57
461,58
463,59
459,60
460,60
459,59
462,59
460,59
457,57
453,56
452,54
446,56
445,56
445,54
443,55
441,55
442,54
441,54
437,55
435,55
431,56
431,56
425,56
423,56
424,55
428,55
427,55
426,57
426,56
422,58
420,59
414,58
410,58
408,59
409,59
407,60
407,61
405,60
405,60
403,60
403,60
403,60
401,60
400,60
398,60
392,59
390,59
389,61
386,59
386,58
388,58
388,58
386,57
384,57
381,56
381,57
381,58
378,57
375,56
372,56
370,56
370,56
368,58
364,58
361,58
358,58
358,60
358,60
358,59
359,59
359,58
357,58
355,59
356,60
357,58
354,58
351,58
347,57
344,57
343,54
342,53
340,54
342,53
343,54
345,55
347,55
348,55
347,55
344,55
347,55
344,54
344,55
340,55
341,54
337,54
337,55
338,54
336,54
337,54
339,53
340,52
338,53
338,53
340,52
339,53
337,53
336,52
337,53
333,52
328,54
329,54
326,53
325,52
323,52
322,51
324,51
326,49
321,49
325,50
324,50
328,49
326,49
325,49
325,49
325,48
323,47
324,47
327,45
328,45
325,45
325,44
327,45
329,44
328,44
327,45
328,44
333,43
337,43
340,43
338,43
338,44
336,44
335,45
336,44
337,44
337,45
336,44
337,43
337,43
335,44
336,43
335,42
334,42
330,42
333,41
331,41
332,40
333,40
334,40
334,39
333,39
331,37
330,36
331,36
330,36
330,35
330,35
329,35
332,35
336,34
335,35
339,35
336,35
336,34
337,33
341,33
342,32
341,33
337,31
335,30
337,30
337,30
338,30
339,30
337,30
338,30
337,30
340,30
338,28
338,27
341,27
338,27
337,27
339,26
343,27
341,27
343,27
341,27
346,27
347,27
349,26
349,26
347,26
350,26
348,25
352,25
351,25
352,25
347,25
347,25
345,24
343,24
338,25
339,25
339,27
342,27
347,26
346,25
344,25
343,25
345,25
344,25
344,25
347,25
347,25
346,25
346,25
346,26
349,26
347,26
345,25
346,25
344,25
346,24
346,24
347,24
348,24
346,23
348,23
348,24
343,21
345,21
348,21
346,21
347,21
344,21
340,21
340,22
339,22
338,22
340,22
340,22
340,22
337,22
335,22
335,21
335,22
334,22
336,22
337,22
339,22
343,22
342,21
341,21
341,20
339,20
337,20
337,20
337,20
334,21
334,21
334,21
332,20
328,20
324,20
322,20
321,20
324,19
325,19
323,19
327,19
324,19
326,19
325,19
323,19
323,19
327,18
327,18
327,18
329,19
325,19
320,19
318,19
317,19
316,18
317,18
319,18
317,18
317,18
318,18
318,18
315,18
313,19
310,19
309,19
309,19
309,19
309,19
306,19
308,19
310,20
311,20
312,21
310,21
314,21
315,21
315,20
316,21
313,21
313,21
315,21
314,21
313,21
311,21
309,22
310,22
308,22
308,22
308,22
307,23
302,23
302,23
297,23
296,23
295,23
293,23
293,23
291,23
290,22
291,22
293,23
296,21
295,21
293,21
292,21
290,21
293,21
291,20
293,20
293,20
292,19
288,19
289,18
288,18
288,18
287,18
286,19
286,19
286,19
289,19
291,19
288,19
292,19
292,19
290,19
289,19
291,19
292,19
294,18
295,18
293,18
292,16
293,16
292,16
293,16
293,16
291,15
293,15
294,14
296,14
296,14
298,14
299,14
298,14
297,15
298,15
300,15
299,15
299,15
301,14
301,13
304,13
305,13
304,13
303,13
303,13
302,13
302,13
301,13
302,13
302,13
301,13
304,13
307,13
312,13
313,13
312,13
310,13
307,13
306,12
307,14
307,14
305,14
304,14
301,15
302,15
304,15
302,16
302,14
301,14
300,14
299,14
300,14
299,14
300,14
303,14
305,14
305,14
302,14
298,14
293,14
296,15
295,15
296,15
295,15
293,15
292,15
293,15
294,15
296,15
294,15
291,15
291,15
292,15
291,15
290,15
291,15
293,14
295,13
290,13
293,13
294,14
294,14
294,14
293,14
294,14
294,14
292,15
292,15
294,15
293,15
293,15
294,15
293,15
296,15
298,15
298,15
294,15
295,15
295,15
296,15
290,15
293,15
293,15
292,15
290,15
292,15
289,15
285,15
284,15
283,14
284,14
285,14
287,14
289,14
286,14
286,14
285,14
286,14
284,14
285,14
284,14
280,14
280,14
282,14
283,14
282,14
278,14
279,14
278,14
279,14
280,14
280,14
279,14
278,14
276,14
277,14
274,14
276,15
275,15
276,15
275,15
273,15
275,15
276,15
277,15
276,15
272,15
272,15
272,15
274,15
272,16
276,16
280,16
281,15
281,15
