800,150
797,153
792,156
788,158
789,159
786,159
786,158
785,159
780,161
778,161
777,160
776,160
774,164
772,167
767,170
764,170
763,170
761,171
761,170
758,171
755,173
755,173
756,172
753,172
754,172
751,171
748,173
743,177
742,179
743,177
741,178
738,181
739,180
739,179
740,178
739,176
733,182
730,185
729,186
724,187
724,186
720,188
716,189
714,190
709,192
704,193
698,199
700,195
699,195
698,197
696,197
693,200
695,199
691,204
691,202
687,203
685,203
686,201
684,202
680,204
678,205
680,204
674,208
671,210
668,213
664,212
665,212
663,214
664,211
659,211
657,209
652,214
650,215
648,212
644,211
645,212
645,212
642,211
638,212
634,215
629,218
628,220
625,222
626,221
623,221
622,223
623,223
618,229
616,231
612,232
611,232
611,232
611,234
606,233
601,235
600,232
596,236
596,236
591,236
586,240
585,241
580,244
580,249
581,248
584,248
579,252
579,251
578,252
574,255
573,259
571,262
572,264
570,263
569,262
568,264
565,268
563,269
561,270
559,270
553,275
552,273
553,273
551,274
553,275
556,273
553,276
552,276
548,278
544,279
540,280
536,283
538,281
536,282
533,286
528,287
528,287
527,289
524,290
518,293
515,294
514,295
515,296
512,302
510,299
507,303
507,302
500,307
499,311
498,312
495,315
496,312
499,309
497,310
497,309
493,314
491,316
489,316
485,318
481,322
477,325
477,325
473,327
472,328
471,328
470,329
470,328
468,331
470,333
471,333
474,330
476,326
474,327
474,328
472,330
472,331
473,329
470,331
469,331
465,334
466,330
463,333
459,335
460,333
459,333
458,332
455,331
457,329
455,333
452,335
450,337
451,336
453,336
451,342
448,343
446,341
443,342
442,341
441,340
441,340
437,337
435,337
433,338
431,339
429,344
428,345
427,343
425,346
419,349
416,355
413,358
412,360
414,356
416,356
413,357
410,358
409,358
407,358
406,359
404,362
407,358
406,359
407,359
408,361
410,358
412,356
410,359
406,361
403,364
399,367
398,367
398,369
399,364
397,366
393,371
393,371
391,371
387,374
387,373
386,373
389,371
388,373
385,374
382,375
379,377
380,380
380,378
377,379
374,380
371,383
369,385
369,385
366,387
365,390
365,391
363,393
359,395
360,394
357,395
353,396
351,398
349,401
348,406
346,409
348,408
349,410
345,414
346,417
348,417
344,419
347,416
349,414
348,418
347,417
341,421
340,421
338,424
336,426
337,424
336,427
334,429
335,430
331,431
329,433
330,433
333,432
330,435
328,438
326,443
327,443
325,444
323,446
321,449
320,452
323,452
322,451
322,452
321,454
318,455
315,461
311,466
308,468
306,468
306,469
305,470
306,472
304,470
304,473
304,468
302,470
301,472
302,472
298,477
295,482
292,485
292,485
295,480
294,485
289,489
289,487
290,482
288,481
287,483
288,483
285,484
281,487
279,490
279,491
277,493
276,495
275,497
278,497
277,500
278,501
279,502
279,504
278,505
275,509
274,509
274,506
273,507
272,509
269,513
268,515
269,513
268,513
267,512
266,515
264,516
262,520
263,521
262,522
263,523
260,525
260,527
255,531
255,531
256,532
255,535
253,539
251,541
250,542
249,544
249,547
247,550
243,555
243,552
242,554
241,557
240,559
238,562
236,563
236,564
237,564
239,564
237,567
240,565
237,568
236,570
234,570
235,570
232,571
232,572
230,573
230,573
228,574
228,573
228,575
228,580
227,580
229,581
226,584
225,586
223,590
223,587
222,590
223,594
222,595
219,599
222,599
222,599
220,603
220,603
218,603
218,604
220,602
223,599
222,598
221,600
224,598
222,602
224,602
223,604
220,606
217,608
217,610
214,611
213,616
212,619
213,621
210,624
208,630
204,634
203,636
200,638
198,640
200,641
199,645
196,649
196,652
195,654
194,655
193,657
195,655
190,661
190,663
188,665
187,669
189,669
186,673
184,673
182,677
183,677
184,675
182,680
180,683
180,685
179,688
180,688
178,690
177,691
179,693
179,697
177,699
176,701
175,702
173,707
173,708
172,709
169,713
170,713
168,716
167,718
168,717
167,718
165,720
169,717
168,719
169,718
169,720
167,724
166,725
165,727
164,730
161,732
161,732
161,733
159,735
158,738
155,742
155,743
153,746
154,747
151,749
152,750
150,753
150,754
149,757
147,759
147,759
146,761
144,763
144,764
144,765
144,765
143,767
140,772
137,777
136,779
135,779
134,780
131,782
130,785
128,788
127,788
128,788
127,791
127,791
125,795
126,794
125,797
124,799
125,798
124,798
124,798
121,800
120,804
119,806
117,809
116,812
116,814
116,815
115,817
114,816
116,815
116,815
114,817
111,821
109,823
110,823
109,826
107,829
109,828
109,829
109,829
107,831
106,832
105,833
104,834
105,833
106,831
102,834
101,835
100,836
99,837
99,837
99,837
98,839
97,841
97,841
97,842
97,842
97,842
96,842
96,842
96,842
94,846
94,848
94,849
93,850
93,849
94,848
94,848
94,848
94,849
95,848
96,850
95,852
97,850
96,851
95,852
96,852
95,854
94,856
94,856
92,860
93,859
93,859
92,860
91,861
90,862
90,862
88,864
90,862
88,864
88,864
88,865
88,865
89,864
88,866
85,870
86,870
84,873
83,874
83,874
85,873
86,873
86,873
85,874
85,877
86,876
83,879
81,881
80,882
78,884
77,886
76,887
75,888
72,891
71,893
70,893
68,896
68,896
65,899
65,899
64,900
65,901
63,903
63,903
63,903
63,903
62,904
62,904
62,904
61,905
59,907
59,907
59,908
59,908
59,911
59,911
57,914
55,916
54,917
54,919
54,919
55,918
55,918
54,919
53,920
52,921
52,922
49,925
49,925
46,929
45,930
45,930
44,931
43,933
42,934
41,936
41,937
41,937
42,937
42,938
42,938
43,937
43,937
43,937
43,937
43,937
42,938
41,939
40,941
40,941
40,941
40,941
40,942
40,943
39,944
38,945
37,946
37,946
38,945
38,945
38,945
38,945
39,945
40,945
41,944
40,945
40,946
41,946
40,947
41,946
41,946
41,946
39,948
39,948
39,948
39,949
39,949
38,950
37,951
37,952
37,952
37,952
38,951
37,952
37,952
37,952
36,953
36,953
36,953
36,954
36,954
36,954
37,953
38,952
37,953
37,953
37,953
37,953
37,953
36,954
36,954
35,955
35,955
35,955
35,955
36,954
36,954
36,954
36,954
36,954
36,954
36,954
35,955
35,956
34,957
34,957
33,957
33,957
33,957
33,957
34,956
34,956
34,956
33,958
33,958
32,959
32,959
32,959
32,959
32,959
31,960
31,960
30,961
30,961
30,962
30,962
30,962
30,962
30,962
29,963
29,963
28,965
28,965
28,965
27,967
27,967
27,967
27,967
27,967
27,967
27,967
26,969
26,969
27,968
27,968
26,969
26,969
27,968
27,968
27,968
26,969
27,968
27,968
27,969
28,968
29,967
28,968
28,968
27,969
27,969
28,968
27,969
27,969
27,969
27,969
27,969
27,969
26,970
27,969
26,970
26,970
24,972
24,973
24,973
24,973
24,973
25,972
