700,250
697,253
692,255
688,258
690,259
691,257
692,257
695,254
694,256
693,256
693,254
691,256
692,255
686,259
683,262
684,261
683,261
679,262
679,263
674,265
672,267
669,269
663,272
666,269
660,275
655,280
653,281
651,282
650,280
651,279
650,279
646,282
643,284
643,284
636,290
633,292
633,293
629,295
629,295
633,291
630,291
625,296
622,299
618,301
618,302
615,304
613,305
613,305
610,306
608,308
604,309
601,311
597,316
594,318
593,319
589,320
589,322
584,326
584,327
587,323
587,322
585,323
587,321
585,321
582,324
581,326
580,325
578,325
574,328
573,329
568,332
565,332
560,336
557,338
553,342
550,342
548,343
543,347
541,349
542,347
541,346
539,348
536,351
535,350
530,355
529,356
521,363
519,366
517,367
514,370
513,370
510,371
509,371
509,367
507,367
507,368
509,366
506,366
505,367
504,367
504,366
505,365
505,363
503,362
504,361
509,358
504,362
505,361
502,364
500,364
501,363
495,364
492,365
491,366
489,367
486,369
486,370
486,368
485,371
484,371
485,369
483,371
477,373
475,375
477,371
478,370
476,372
477,370
477,369
476,367
472,374
470,377
471,375
468,378
467,376
465,376
463,378
461,380
457,387
457,386
453,389
450,388
450,386
449,384
445,386
445,385
442,386
441,387
440,386
440,387
438,390
431,393
432,389
428,393
429,394
428,396
430,394
429,396
426,397
425,401
426,405
425,409
422,408
423,405
426,402
423,403
421,403
418,407
420,406
420,407
418,410
417,414
417,416
414,422
413,425
410,429
405,432
405,432
403,435
402,436
401,435
398,438
398,440
398,440
396,441
394,443
395,444
397,444
395,445
392,446
391,446
390,449
390,449
387,452
386,455
383,459
381,462
381,462
381,460
380,463
381,464
379,465
375,468
373,467
371,465
372,464
371,463
369,462
368,463
367,464
367,465
364,466
362,468
360,471
358,474
356,475
354,479
355,479
351,481
349,484
348,485
347,488
345,490
344,490
339,492
338,494
338,496
335,499
333,501
332,502
330,504
331,504
327,508
327,509
323,514
321,517
319,519
316,523
318,522
317,524
313,528
311,532
313,533
309,538
309,535
305,538
303,538
303,539
303,541
305,541
306,545
309,544
309,547
308,547
309,546
306,548
306,546
308,544
305,548
302,549
299,552
295,554
295,554
293,555
294,556
290,558
288,560
288,562
287,564
285,566
282,568
282,571
283,571
282,571
279,574
278,579
278,580
275,584
274,585
273,587
271,589
270,590
265,594
262,599
260,603
258,605
256,607
254,609
254,610
251,611
248,615
247,616
245,617
242,623
242,624
240,626
242,624
242,622
242,622
241,625
240,626
240,626
240,628
243,626
243,628
244,626
243,626
243,629
241,632
241,630
241,629
240,631
240,631
239,631
238,632
236,636
231,642
232,643
232,646
233,643
234,643
232,644
232,644
230,646
231,648
228,651
228,653
226,654
225,656
225,658
227,659
229,659
227,663
228,662
227,665
227,664
228,665
229,665
229,666
229,667
229,668
229,669
228,670
226,671
222,675
224,673
223,675
224,675
224,674
226,675
225,676
226,675
224,678
224,678
223,682
222,685
223,683
222,684
223,683
220,686
219,689
218,691
217,692
218,690
217,691
215,693
213,695
213,696
214,699
209,704
207,708
207,707
206,709
204,713
206,712
208,710
206,714
206,715
206,715
206,717
205,718
205,718
202,719
198,722
194,727
191,729
196,726
194,730
193,733
194,731
195,730
194,731
195,731
195,731
195,731
194,733
193,734
193,732
193,731
195,730
194,730
193,732
189,738
188,738
187,738
188,739
185,743
185,743
182,748
181,750
178,753
176,755
176,755
173,757
173,756
170,759
170,759
168,760
168,761
168,763
170,763
168,765
167,767
168,770
166,772
166,771
166,771
162,775
162,777
160,780
160,781
161,780
161,780
160,782
158,784
158,784
158,783
158,783
158,783
157,786
156,787
157,787
155,789
154,790
153,791
152,793
152,793
149,797
148,799
146,801
145,803
142,806
142,806
140,808
140,809
138,811
136,813
139,810
139,813
139,812
141,810
141,810
141,811
140,812
140,813
140,813
139,815
135,819
133,821
132,821
129,824
129,824
128,824
126,826
124,828
124,828
124,827
122,829
120,831
118,834
119,833
118,834
118,836
118,837
119,836
119,836
119,837
117,840
119,839
117,841
116,842
115,843
114,845
113,845
113,845
111,847
110,848
109,848
110,848
109,851
109,852
109,852
108,854
106,857
106,857
105,859
103,861
103,861
102,862
102,862
99,865
98,866
96,868
97,867
97,867
99,866
98,867
95,870
94,871
94,871
96,869
96,869
96,869
96,870
96,870
95,872
96,872
95,873
94,875
94,876
94,876
95,875
97,873
95,875
94,876
95,875
95,875
96,874
97,873
97,873
96,875
95,878
95,879
94,881
92,883
94,881
93,882
93,882
92,883
90,885
90,886
90,885
89,886
89,887
89,888
87,890
87,892
84,895
83,896
82,897
81,898
79,900
81,898
81,899
82,898
82,898
81,901
80,902
80,902
80,903
82,901
83,900
82,901
81,902
81,902
81,902
81,902
79,904
77,907
78,906
77,907
75,909
76,908
75,909
74,910
74,910
75,909
75,909
73,911
73,911
73,911
72,912
71,913
70,914
71,913
71,913
69,915
69,916
67,918
67,918
68,917
68,917
68,917
69,916
68,917
66,919
66,919
66,919
66,919
66,919
66,920
66,920
64,922
64,922
64,922
62,924
62,924
63,923
65,921
65,921
64,922
63,923
63,924
64,923
64,923
64,923
62,925
63,924
63,924
63,924
62,925
62,925
63,924
63,924
62,925
63,924
63,924
63,924
62,924
62,924
62,924
62,924
62,924
62,924
61,925
61,925
61,925
61,926
61,926
61,926
58,929
59,928
58,930
58,930
57,931
57,931
57,931
57,931
57,932
57,933
57,934
57,934
57,934
55,936
54,938
53,939
53,939
52,940
53,939
52,940
52,940
51,941
51,941
51,941
51,941
49,943
48,944
49,943
49,943
49,943
49,943
48,944
47,946
46,948
46,948
46,948
46,948
46,948
46,948
45,949
44,950
44,950
42,952
41,953
40,954
40,954
40,954
42,952
42,952
41,953
39,955
39,955
38,956
37,957
36,958
36,958
36,958
36,958
36,958
35,959
35,959
35,959
35,959
36,958
36,958
36,958
36,958
35,959
36,958
35,959
33,961
33,961
33,962
33,962
33,962
32,964
32,964
32,964
32,964
32,964
32,964
29,967
30,966
30,966
31,965
30,966
30,966
30,966
31,965
30,966
29,967
29,967
29,967
28,968
27,969
26,970
26,970
26,970
27,969
27,969
26,970
25,971
25,971
25,971
25,971
25,971
25,971
25,971
25,971
24,972
22,974
22,974
21,975
20,976
20,976
20,976
18,978
18,978
18,978
18,978
18,978
18,978
17,979
17,979
17,979
17,979
17,979
17,979
17,979
16,980
16,980
16,981
16,981
16,981
16,981
17,980
17,980
17,980
17,980
17,980
17,980
17,980
17,980
17,980
17,980
17,980
17,980
17,980
17,980
17,980
17,980
