700,50
697,53
695,53
695,53
693,54
691,53
688,53
688,52
684,51
683,50
681,52
678,51
674,51
672,51
666,51
666,50
662,50
658,51
658,51
653,51
651,51
649,52
647,52
646,52
644,53
642,52
640,53
638,52
632,52
629,53
630,52
630,51
630,51
630,51
630,50
626,50
623,50
620,49
617,50
612,51
608,50
607,50
603,48
603,48
600,49
596,48
592,47
588,48
587,46
584,45
584,45
584,45
585,44
580,44
580,45
576,45
577,44
577,43
574,42
572,40
570,41
563,42
564,41
563,42
559,42
556,42
554,42
553,42
553,42
553,42
552,43
548,43
546,43
545,43
545,43
545,42
540,42
537,42
536,42
533,43
531,43
526,44
521,44
521,44
522,43
518,44
515,44
511,43
504,44
504,44
503,43
504,44
502,44
502,44
498,44
499,44
500,44
494,46
494,46
493,46
490,46
491,44
488,44
488,44
486,44
489,42
487,42
483,42
481,42
482,41
482,43
481,43
480,43
475,43
472,42
476,42
477,42
477,42
476,42
475,40
475,40
473,40
474,38
475,38
476,36
473,36
472,37
468,38
466,39
466,40
466,40
463,41
464,42
464,41
464,40
463,40
463,40
464,39
462,38
459,36
458,35
457,34
458,35
454,35
452,35
447,35
444,35
442,34
440,34
440,35
444,35
445,35
440,35
437,35
435,36
435,37
434,37
435,37
433,38
432,37
432,38
428,38
426,38
424,37
423,36
421,36
420,37
420,37
421,37
421,37
420,36
416,37
414,39
415,39
414,40
412,41
411,41
412,40
412,40
411,41
408,41
409,40
407,40
405,40
402,41
403,41
402,41
402,41
400,41
398,41
397,39
394,39
394,39
391,39
393,38
392,38
388,36
388,36
389,36
386,36
387,36
384,37
381,38
381,38
378,39
378,40
375,41
373,40
369,40
366,40
363,39
361,39
362,38
358,38
356,36
358,35
356,35
359,34
360,35
360,35
362,36
362,36
362,36
359,36
356,37
353,35
351,35
353,34
354,34
353,35
354,36
351,36
353,36
352,37
351,36
350,35
348,35
346,35
346,34
348,33
345,33
343,33
344,33
342,33
345,32
346,33
347,33
346,34
343,33
347,32
346,32
348,32
350,32
353,32
353,31
353,31
352,31
352,31
350,31
349,30
349,30
349,30
351,30
353,30
351,30
352,29
352,30
354,30
353,30
351,30
350,29
352,28
347,29
346,28
348,28
350,28
347,28
346,28
348,28
347,28
346,28
341,28
343,28
345,28
346,28
345,28
345,28
348,28
345,28
345,28
345,28
346,27
349,27
345,27
339,27
339,27
337,27
336,27
338,26
341,26
340,26
338,26
337,25
338,25
338,24
340,24
338,24
339,25
336,24
335,24
332,25
333,26
335,25
334,25
334,25
333,27
332,27
335,28
334,27
337,27
337,27
340,27
337,26
334,27
332,27
330,27
326,26
324,25
322,25
318,25
314,24
312,24
312,24
311,23
312,23
312,23
311,23
308,23
310,23
307,22
306,21
309,22
310,22
306,22
301,22
299,21
295,20
294,20
291,19
292,19
292,19
292,19
290,19
290,19
289,20
288,20
288,20
287,20
286,20
284,20
281,20
280,20
280,20
277,20
278,20
277,21
275,21
277,21
278,21
276,20
276,20
280,20
281,20
280,19
280,19
279,17
281,16
281,17
284,17
284,17
282,17
286,17
285,17
284,17
283,17
284,17
287,16
284,16
284,14
286,14
286,14
285,14
282,14
281,14
283,14
283,14
283,14
285,13
284,13
283,13
280,13
280,13
278,12
277,12
275,12
275,12
274,12
275,12
274,12
276,12
274,12
273,12
272,12
273,12
273,12
275,12
277,12
275,12
274,12
273,12
274,12
277,12
279,12
276,12
273,12
272,12
273,11
273,11
273,12
274,12
275,12
274,12
276,12
274,12
273,12
271,12
273,12
271,12
273,11
272,11
271,11
267,11
268,11
269,11
269,11
270,11
273,11
273,11
276,11
272,12
271,12
271,12
267,12
270,12
270,12
273,10
271,11
272,11
274,11
273,11
274,11
272,12
269,12
271,12
269,12
268,12
266,12
266,12
267,12
268,12
265,13
266,13
266,13
267,13
270,13
272,13
271,13
273,13
275,13
275,13
278,13
277,13
274,13
273,13
275,12
274,13
274,13
277,13
279,13
282,13
280,13
282,13
283,13
287,13
287,13
288,13
288,13
289,13
292,13
295,13
295,13
294,13
293,13
292,12
289,12
291,12
289,12
289,12
290,12
291,13
289,13
286,13
288,13
284,13
283,13
283,13
282,13
278,13
278,13
281,13
279,13
277,12
278,12
280,12
279,12
278,12
278,12
280,12
280,12
284,12
288,12
288,13
286,13
285,13
286,13
285,12
285,12
283,12
286,12
284,12
283,12
282,12
281,12
282,12
286,12
285,12
286,12
286,12
287,12
284,12
285,12
285,12
285,12
288,12
287,12
288,12
290,11
289,11
286,11
286,11
286,11
287,11
287,11
288,11
289,10
291,10
293,9
293,9
294,9
292,9
293,9
294,9
291,9
290,9
292,9
292,9
292,9
289,9
288,9
284,9
285,9
286,9
286,9
284,9
284,10
281,10
277,10
279,10
279,10
275,10
274,10
275,9
275,9
272,9
273,9
273,10
271,9
275,8
274,8
272,8
274,8
272,8
271,8
272,8
274,8
276,9
275,10
274,10
277,10
277,10
273,10
272,10
271,10
273,10
275,10
275,11
275,11
278,11
277,10
282,9
282,9
279,9
275,9
274,8
275,8
275,8
276,8
277,8
274,8
275,8
276,8
275,8
278,8
279,8
279,8
275,9
279,9
280,9
282,8
282,8
281,8
283,8
278,9
278,9
275,9
276,9
274,9
270,10
271,10
273,10
273,10
275,10
272,10
270,10
267,10
266,9
267,9
268,9
269,9
267,9
265,9
266,11
267,11
268,10
266,10
267,10
264,9
266,9
269,8
268,8
266,8
268,8
267,8
268,8
264,8
267,8
266,8
267,8
265,8
262,8
261,8
260,9
260,9
257,10
257,10
258,10
257,11
256,10
255,10
257,10
260,10
264,10
262,10
260,10
259,10
260,11
258,11
257,11
258,10
258,10
260,10
258,10
261,10
262,10
262,10
264,10
261,10
263,10
264,10
264,10
262,11
259,11
261,11
260,11
261,11
262,11
260,11
262,10
262,10
267,10
268,9
269,9
268,8
268,8
264,8
262,8
262,8
263,7
265,7
270,7
267,7
266,7
265,7
265,7
265,8
264,8
267,8
269,8
269,8
268,8
270,8
269,8
266,8
266,8
265,8
264,8
263,8
261,8
258,8
258,8
256,8
255,8
254,8
254,8
255,8
256,8
254,8
253,8
253,6
253,6
256,6
254,6
255,6
253,6
252,6
251,6
250,6
250,6
249,6
254,6
253,6
253,6
253,6
250,6
252,6
249,6
247,6
248,6
251,6
251,6
250,6
248,6
250,7
250,7
246,7
251,7
252,7
253,7
250,7
250,7
252,7
251,7
248,7
246,7
246,7
246,7
246,7
245,7
245,7
247,7
245,6
