50,50
41,59
42,58
44,57
46,57
48,56
51,56
52,56
52,56
53,59
56,60
59,60
61,61
62,61
63,61
64,59
67,59
65,59
68,58
72,57
76,57
78,57
79,57
79,58
80,57
82,56
86,54
88,55
86,56
89,57
89,57
89,56
90,56
90,57
89,56
91,55
92,54
94,54
94,53
94,51
94,51
94,51
96,51
97,50
98,50
98,49
97,51
98,50
97,50
95,49
97,52
100,51
101,50
100,49
100,48
99,48
100,47
98,47
98,47
98,47
100,47
102,47
104,48
107,48
110,49
110,49
112,50
112,50
114,52
117,52
118,51
121,51
123,51
126,52
127,52
127,52
127,53
126,54
129,54
129,55
131,54
131,54
135,54
135,53
135,53
138,53
137,53
139,52
139,52
141,50
141,48
143,46
143,46
142,47
143,47
143,48
143,48
144,49
143,50
145,49
147,48
