50,100
41,109
44,110
46,109
49,110
51,112
50,112
51,111
52,111
53,112
55,110
56,111
56,111
57,112
58,113
60,112
62,114
66,115
67,116
70,119
70,119
73,116
74,118
77,117
81,117
82,118
83,116
85,114
84,115
84,116
90,114
91,115
91,116
92,115
93,115
96,115
100,114
101,112
102,118
103,116
104,115
107,114
107,112
110,112
113,113
115,114
113,115
117,115
119,112
118,113
121,115
123,115
123,112
123,110
124,108
125,108
126,109
125,110
124,107
123,110
122,111
122,113
126,110
127,113
128,116
129,116
126,115
128,111
128,110
127,110
128,109
131,107
129,106
130,108
133,108
133,108
133,108
135,108
137,108
138,108
139,106
139,107
140,107
137,108
137,107
135,104
136,103
138,102
138,103
137,104
135,105
136,106
137,107
140,106
142,105
145,105
147,105
148,105
150,105
151,104
151,104
