600,200
597,203
592,206
596,205
593,205
592,206
590,209
588,208
588,207
586,208
586,210
586,211
578,215
571,219
569,222
568,224
567,226
561,228
558,229
555,230
553,232
549,235
544,235
542,235
542,233
543,233
536,238
537,236
536,236
535,235
530,238
529,236
527,237
523,238
521,238
521,236
520,233
523,231
525,230
526,230
523,231
521,233
519,234
518,234
516,235
511,239
509,240
509,243
506,245
503,247
501,248
501,249
496,251
493,252
490,252
489,253
482,255
477,257
473,258
472,259
466,261
460,263
456,262
451,264
448,266
445,269
445,269
443,270
441,274
440,274
439,274
437,277
433,282
432,281
428,278
425,278
424,277
423,275
421,276
420,274
422,275
419,274
419,277
418,280
417,281
415,279
416,283
421,283
422,286
418,289
417,287
416,290
416,289
415,292
417,293
419,292
417,294
416,289
412,289
411,293
411,295
