400,400
392,408
387,416
380,423
381,424
380,427
381,432
376,436
377,435
375,436
376,434
378,431
378,430
379,433
377,436
376,435
376,437
373,439
369,442
366,447
364,451
363,452
363,451
359,456
356,458
356,458
355,463
352,466
350,469
349,472
349,473
345,475
346,475
346,476
344,480
343,481
344,480
342,484
340,488
337,493
335,494
332,496
331,497
328,498
325,499
325,499
322,501
319,505
318,507
318,509
318,512
317,514
322,511
324,512
326,510
321,513
320,514
321,513
320,517
319,518
316,523
313,529
311,532
309,535
308,537
308,538
308,537
309,538
306,540
305,541
303,543
299,547
299,547
297,548
295,551
294,552
291,555
289,556
290,556
287,559
285,559
289,555
285,561
286,559
284,560
283,563
283,564
279,567
279,567
278,567
279,566
281,564
282,565
280,569
282,570
281,571
277,576
278,576
279,578
276,581
276,582
