50,150
42,158
44,158
46,161
47,162
47,163
48,165
50,165
53,167
54,169
54,168
54,170
56,168
56,165
58,167
61,169
63,169
64,168
64,170
66,173
69,172
69,173
71,175
71,174
73,176
75,177
78,177
79,177
81,178
82,179
81,183
83,184
84,185
83,190
82,193
85,194
85,192
86,191
88,190
89,191
89,192
90,194
92,196
96,197
97,197
99,197
99,196
99,198
99,203
102,200
104,204
107,204
107,205
107,205
108,208
109,206
110,206
114,206
116,207
118,208
122,204
125,203
127,202
129,202
131,205
131,203
133,205
134,205
134,206
131,207
133,209
133,211
132,213
132,214
133,216
134,214
134,214
133,218
135,221
135,225
135,225
134,229
134,229
137,229
139,230
139,234
141,235
141,235
141,235
144,236
145,238
145,240
144,239
148,239
148,240
148,241
148,241
149,243
148,245
147,247
147,251
