50,250
42,258
42,260
43,264
45,269
44,275
47,280
47,285
46,289
49,287
53,288
54,286
53,287
54,290
55,289
56,291
57,296
57,300
58,302
58,306
58,313
56,316
56,321
56,324
55,327
57,326
59,331
58,336
59,338
59,344
60,348
60,353
61,358
61,360
60,360
60,365
62,371
65,371
67,374
67,382
68,382
69,383
67,386
67,390
67,395
68,398
69,401
69,405
71,404
70,408
71,411
70,415
71,419
71,423
69,428
69,432
69,436
68,440
68,443
74,441
76,442
77,446
77,448
77,451
76,454
77,454
77,455
75,460
76,464
73,467
76,470
75,472
75,477
75,482
75,484
74,485
76,484
76,489
76,489
77,492
77,494
77,500
76,504
75,507
75,508
76,511
76,516
77,518
78,522
79,524
78,529
80,531
79,534
77,533
74,541
73,545
72,547
71,552
72,554
73,558
73,561
