50,350
41,359
41,366
42,368
41,373
40,377
40,382
41,388
41,393
43,394
44,395
46,394
47,395
48,400
48,403
48,408
49,407
48,407
48,413
50,413
51,415
51,421
51,424
51,428
52,434
51,437
51,441
52,444
55,448
53,453
54,455
55,458
56,462
55,467
55,467
57,471
57,476
58,479
57,480
57,485
57,490
57,493
57,494
56,496
56,499
54,501
53,504
53,505
52,509
52,516
51,521
51,526
51,529
52,531
50,533
52,532
54,533
53,536
53,537
52,542
52,545
53,547
55,547
55,549
56,551
56,554
56,557
55,560
56,562
55,567
55,570
56,573
56,577
54,580
56,583
57,584
57,588
57,591
56,594
57,596
57,600
56,605
57,606
58,609
59,611
58,615
58,622
58,627
58,629
58,633
58,636
58,639
58,642
55,647
55,648
55,649
55,650
55,651
54,653
54,652
54,654
