400,200
393,207
391,209
392,207
388,208
391,208
385,210
381,210
377,212
375,212
375,208
375,207
377,207
379,206
376,206
376,207
374,210
373,208
370,206
374,205
374,204
373,204
376,204
370,206
371,205
372,205
371,207
370,208
370,213
367,213
369,212
368,215
365,214
364,213
365,213
362,216
360,218
361,217
360,219
360,219
362,219
361,219
363,219
362,219
356,221
355,221
357,220
356,221
351,221
352,220
351,221
351,223
351,225
350,223
352,221
352,222
352,219
346,223
346,222
346,221
343,221
341,219
336,223
333,222
333,219
332,221
335,221
335,221
334,221
335,220
334,219
334,219
334,219
332,221
331,222
331,220
331,221
331,222
327,225
325,226
326,224
324,227
326,225
326,221
326,217
323,215
320,217
315,218
315,219
315,221
316,221
314,221
315,222
314,221
315,218
314,216
316,213
314,213
315,214
313,213
312,213
