900,50
898,52
896,54
896,54
891,56
888,54
888,53
888,52
891,49
889,49
889,50
888,51
884,51
882,53
878,54
876,55
872,56
873,55
870,58
870,57
868,57
865,58
860,60
857,62
855,61
855,58
853,60
853,60
852,60
849,62
845,63
845,65
844,66
842,65
841,65
844,65
844,64
841,67
837,67
837,68
834,67
834,67
832,69
831,69
827,68
825,70
823,71
821,71
820,72
816,75
816,76
811,80
808,82
807,82
805,82
801,85
800,84
795,87
793,87
792,86
789,88
787,88
786,87
782,88
782,88
782,89
780,89
778,87
777,88
776,89
772,91
768,92
766,92
765,92
761,93
760,93
759,92
755,93
752,93
747,93
748,91
743,90
739,91
737,91
738,91
739,90
736,89
735,90
734,88
731,91
731,93
727,92
724,93
723,95
725,93
723,94
723,94
719,95
715,97
712,99
710,99
