800,150
799,151
793,154
791,156
789,159
788,159
788,159
789,158
787,160
787,159
781,165
781,165
780,166
779,165
776,168
772,171
770,172
768,172
764,176
763,177
757,182
754,184
747,190
742,194
744,194
739,200
734,205
732,206
729,209
725,213
725,211
724,212
721,214
723,214
723,213
720,212
719,215
715,217
713,215
712,214
715,212
716,212
712,214
710,217
707,219
707,221
704,224
701,227
697,230
697,230
695,231
694,232
692,233
686,237
687,234
684,236
682,238
680,240
676,243
674,244
670,246
668,250
666,251
664,253
660,255
656,257
655,257
651,259
648,263
643,267
642,268
645,265
646,263
646,263
642,266
641,267
641,269
642,268
641,270
641,270
645,267
642,270
638,274
636,275
634,276
629,281
624,285
624,285
621,289
618,291
616,292
617,293
614,297
614,298
609,301
610,297
606,299
605,299
603,297
601,297
598,299
