700,250
697,253
694,254
693,253
693,253
691,255
692,253
692,253
692,252
692,254
692,253
690,254
687,256
684,257
683,259
678,264
676,265
673,268
668,271
663,275
661,278
654,283
659,278
660,276
656,279
653,281
651,283
649,283
647,286
643,286
643,286
639,290
638,290
635,293
632,296
627,301
626,299
625,300
623,302
620,304
618,306
618,308
617,306
613,310
608,311
609,309
606,311
604,311
599,315
593,321
591,323
592,323
590,325
583,329
577,336
574,339
572,340
571,340
568,342
567,343
566,346
560,352
559,352
558,353
556,354
559,353
556,355
554,358
552,360
544,366
543,364
539,369
537,372
535,373
532,376
527,382
529,380
529,379
526,381
527,381
521,385
520,383
521,380
519,380
516,384
518,381
514,381
513,384
510,387
511,386
511,385
510,386
508,387
505,390
508,389
502,394
498,398
498,397
497,398
493,400
493,400
