700,50
698,52
692,52
692,52
692,54
690,54
687,54
681,54
682,54
678,55
679,55
674,56
673,56
670,56
669,57
666,58
667,58
666,58
664,58
661,58
659,58
654,59
650,60
648,58
650,58
647,58
645,58
639,58
638,58
636,59
634,59
632,62
629,62
622,63
616,62
613,62
611,63
612,63
611,63
606,63
606,61
603,62
601,62
598,61
600,61
599,61
596,61
595,62
594,62
592,61
588,62
581,62
578,61
574,60
571,59
570,59
571,59
567,59
562,60
560,61
562,61
559,64
560,64
557,63
552,63
548,63
546,62
542,65
541,63
541,65
537,64
535,62
534,63
536,64
533,63
536,62
536,63
534,62
530,63
526,62
524,62
522,63
517,67
518,67
515,69
518,67
515,67
515,67
511,67
508,67
506,68
505,67
507,66
506,65
502,64
503,64
502,63
501,63
497,63
497,65
498,64
